0.000 
6.476 
7.096 
6.944 
0.505 
6.682 
7.317 
7.555 
7.180 
6.496 
7.294 
7.353 
7.460 
6.840 
7.045 
7.416 
7.479 
7.509 
7.427 
6.904 
7.123 
7.365 
7.151 
7.548 
7.212 
7.286 
7.100 
7.268 
7.275 
6.962 
7.075 
6.964 
7.383 
7.151 
6.976 
7.240 
7.407 
7.591 
7.495 
6.748 
7.195 
7.308 
7.532 
7.569 
6.991 
7.612 
7.589 
7.353 
7.685 
6.958 
7.054 
7.474 
7.471 
7.555 
6.841 
7.313 
7.253 
7.610 
7.322 
7.147 
7.365 
6.981 
6.976 
7.495 
6.573 
7.259 
7.262 
7.264 
7.311 
7.202 
7.343 
6.688 
7.614 
7.591 
7.144 
7.524 
7.539 
7.630 
7.349 
6.869 
7.692 
7.275 
7.353 
7.452 
6.735 
7.509 
7.522 
7.315 
7.722 
6.923 
7.124 
7.755 
7.080 
7.203 
7.214 
7.313 
7.400 
7.368 
7.384 
7.100 
7.562 
7.466 
7.318 
7.202 
7.002 
7.573 
7.163 
7.777 
7.207 
6.785 
7.485 
7.311 
7.604 
7.593 
7.127 
7.475 
7.434 
7.285 
7.096 
7.090 
6.992 
7.383 
7.644 
7.564 
6.722 
7.139 
7.368 
7.133 
7.595 
6.682 
7.484 
7.460 
7.351 
7.555 
7.015 
7.307 
7.368 
7.355 
7.809 
6.914 
7.286 
7.226 
7.321 
7.406 
7.065 
7.598 
7.606 
7.267 
7.357 
7.110 
7.414 
7.435 
7.755 
7.522 
7.076 
7.366 
7.408 
7.158 
7.452 
6.586 
7.305 
7.490 
7.249 
7.259 
7.069 
7.595 
7.407 
7.374 
7.153 
7.026 
7.126 
7.101 
7.365 
7.232 
6.960 
7.338 
7.356 
6.787 
7.412 
6.762 
7.479 
7.296 
7.396 
7.033 
6.861 
7.383 
7.542 
7.300 
7.424 
6.976 
7.264 
7.563 
7.327 
7.250 
6.815 
7.453 
7.132 
7.536 
7.372 
6.849 
7.307 
7.464 
7.108 
7.421 
6.962 
7.171 
7.428 
6.932 
7.297 
7.010 
7.308 
7.211 
7.280 
7.630 
6.727 
7.453 
7.715 
7.283 
7.253 
6.715 
7.156 
7.530 
7.588 
7.533 
6.757 
7.382 
7.119 
7.534 
7.419 
7.050 
7.430 
7.174 
7.353 
7.308 
6.918 
7.890 
7.260 
7.416 
7.158 
7.155 
7.273 
7.395 
7.293 
7.366 
6.548 
7.187 
7.597 
7.365 
7.069 
6.865 
7.325 
7.163 
7.311 
7.373 
6.958 
7.716 
7.213 
7.134 
7.366 
6.908 
7.432 
7.316 
7.370 
7.047 
6.485 
7.401 
7.466 
7.268 
7.552 
6.295 
7.274 
7.640 
7.402 
7.363 
6.444 
7.157 
7.452 
7.497 
6.821 
6.698 
7.329 
7.066 
7.609 
7.234 
6.506 
7.414 
7.371 
7.486 
7.164 
6.589 
7.284 
7.210 
7.362 
7.279 
6.346 
7.309 
7.472 
7.266 
7.649 
6.541 
7.296 
7.080 
7.268 
7.588 
6.551 
7.554 
7.361 
6.555 
7.655 
6.383 
7.375 
7.331 
7.369 
7.092 
6.257 
7.254 
7.035 
7.123 
6.963 
6.315 
7.056 
7.016 
7.108 
7.181 
5.950 
7.046 
7.257 
7.018 
7.137 
6.467 
7.152 
6.911 
7.149 
7.068 
6.154 
6.875 
6.991 
7.110 
7.332 
6.584 
7.453 
7.263 
6.819 
7.284 
6.729 
7.134 
7.272 
6.734 
6.707 
6.402 
7.104 
6.957 
7.058 
6.614 
5.745 
7.360 
6.891 
6.906 
6.989 
7.057 
6.242 
6.828 
6.559 
7.015 
6.661 
6.978 
7.370 
6.752 
7.083 
6.721 
7.195 
7.032 
6.865 
7.336 
6.799 
7.031 
7.260 
7.049 
7.255 
6.032 
7.085 
7.162 
6.741 
6.955 
5.752 
7.214 
6.946 
7.119 
7.192 
7.078 
7.100 
7.117 
7.537 
7.017 
6.954 
6.941 
7.144 
7.356 
7.344 
6.984 
7.115 
7.120 
7.110 
7.111 
6.562 
7.005 
7.134 
7.400 
7.118 
6.434 
6.965 
7.081 
7.233 
6.922 
5.732 
7.043 
7.331 
7.009 
7.438 
6.775 
7.164 
7.013 
7.163 
7.048 
6.655 
7.264 
7.508 
7.321 
6.965 
7.012 
6.868 
7.439 
7.216 
7.313 
6.500 
7.049 
7.108 
6.965 
7.188 
6.638 
7.072 
7.169 
7.350 
7.125 
6.709 
7.364 
7.155 
7.005 
7.164 
6.252 
7.100 
6.868 
6.937 
7.031 
6.079 
7.217 
6.762 
7.086 
6.960 
7.272 
7.185 
7.141 
6.591 
7.075 
6.437 
7.226 
7.335 
7.364 
7.376 
6.600 
7.295 
6.989 
6.944 
7.095 
6.720 
7.228 
7.103 
7.413 
7.280 
6.762 
7.338 
6.911 
7.363 
7.204 
6.942 
7.374 
7.170 
7.065 
6.934 
6.713 
7.145 
7.085 
6.888 
7.175 
6.774 
7.202 
7.009 
6.205 
6.945 
6.753 
7.348 
7.175 
7.234 
7.422 
6.752 
6.962 
6.774 
7.190 
6.963 
6.760 
7.305 
7.104 
6.940 
6.684 
6.227 
6.621 
6.735 
6.462 
6.246 
5.981 
6.425 
6.244 
6.772 
6.683 
6.361 
6.794 
6.499 
6.758 
6.437 
6.420 
5.898 
5.988 
5.692 
5.689 
4.986 
5.795 
5.832 
5.725 
6.321 
5.959 
6.480 
6.756 
6.650 
6.913 
6.434 
7.246 
6.470 
6.991 
7.584 
6.636 
7.381 
6.898 
7.488 
6.816 
6.829 
7.247 
7.155 
7.204 
7.122 
6.749 
7.214 
7.236 
7.158 
7.409 
6.723 
7.164 
7.100 
6.943 
7.370 
6.833 
7.047 
7.353 
7.029 
6.957 
6.779 
7.470 
6.967 
7.148 
6.750 
6.741 
7.153 
6.959 
6.853 
7.359 
6.788 
7.316 
6.869 
7.250 
7.281 
6.461 
7.320 
7.162 
6.965 
6.990 
6.947 
6.876 
7.252 
7.369 
7.112 
6.815 
6.898 
7.205 
7.058 
7.204 
6.874 
7.128 
6.950 
7.209 
7.205 
7.068 
7.070 
7.374 
7.287 
7.034 
6.646 
6.914 
7.209 
6.718 
7.120 
6.590 
7.130 
7.007 
7.161 
6.861 
6.762 
7.254 
7.190 
7.157 
6.964 
6.613 
7.181 
7.253 
6.995 
7.151 
7.128 
7.067 
6.949 
7.244 
7.230 
7.327 
6.661 
7.153 
7.103 
7.212 
6.887 
7.076 
6.959 
7.419 
6.954 
6.857 
7.244 
7.149 
7.173 
7.071 
6.676 
7.226 
7.365 
7.058 
7.016 
6.839 
7.165 
7.260 
7.102 
6.980 
6.807 
7.368 
7.503 
6.950 
7.206 
7.188 
7.061 
6.996 
7.356 
7.007 
6.480 
7.194 
7.207 
6.983 
7.214 
6.325 
6.911 
7.125 
6.904 
7.152 
6.236 
7.142 
6.596 
6.991 
6.981 
6.726 
7.160 
7.425 
7.389 
6.919 
6.555 
6.984 
7.564 
7.158 
7.175 
6.660 
6.856 
7.218 
6.887 
7.038 
6.690 
6.935 
7.011 
6.999 
6.906 
6.354 
6.833 
6.427 
6.151 
6.456 
5.770 
6.975 
6.904 
7.097 
7.225 
6.202 
6.863 
6.986 
7.151 
7.242 
7.100 
7.173 
6.971 
6.918 
6.952 
7.137 
7.349 
6.897 
7.089 
7.025 
7.189 
7.332 
7.020 
6.975 
6.936 
7.129 
7.253 
7.048 
7.287 
7.427 
6.665 
7.032 
7.467 
6.753 
7.130 
6.586 
7.165 
7.268 
7.364 
6.831 
6.572 
6.947 
6.953 
6.920 
7.379 
6.908 
7.167 
7.234 
7.137 
6.288 
6.586 
6.798 
6.786 
7.296 
7.459 
6.587 
7.088 
6.924 
6.949 
7.056 
6.825 
7.172 
7.099 
6.873 
7.033 
6.887 
7.185 
6.918 
6.973 
6.916 
7.017 
6.934 
6.955 
6.881 
7.144 
6.927 
6.666 
7.162 
7.146 
7.472 
6.487 
6.867 
6.886 
7.032 
6.778 
6.645 
6.910 
6.919 
6.977 
7.015 
6.149 
6.785 
6.905 
7.373 
7.112 
6.087 
6.863 
6.960 
6.804 
6.865 
6.871 
7.156 
7.242 
7.180 
6.824 
6.597 
7.236 
6.855 
7.232 
7.091 
6.448 
6.521 
7.050 
7.189 
6.731 
6.356 
6.984 
6.961 
6.841 
7.261 
6.010 
7.144 
6.753 
7.148 
6.830 
6.148 
6.976 
6.950 
6.785 
6.830 
5.976 
6.962 
7.100 
6.833 
6.956 
5.775 
6.905 
7.115 
6.953 
7.010 
5.958 
6.776 
7.105 
7.154 
6.868 
6.085 
7.298 
7.222 
6.946 
6.738 
5.810 
6.790 
6.788 
6.961 
7.144 
5.925 
7.264 
6.807 
7.361 
6.960 
6.057 
6.785 
6.936 
7.153 
6.726 
5.844 
7.142 
7.156 
7.058 
6.984 
5.959 
6.767 
6.859 
7.198 
6.992 
5.894 
7.497 
6.810 
7.001 
7.040 
6.872 
6.659 
6.155 
6.052 
6.821 
6.228 
6.640 
6.866 
7.111 
6.774 
6.345 
6.306 
6.868 
7.060 
7.110 
6.189 
6.868 
7.061 
7.213 
7.011 
6.364 
7.060 
7.011 
7.109 
6.956 
6.821 
7.058 
6.640 
7.162 
7.110 
6.684 
6.641 
7.162 
7.061 
7.266 
6.866 
7.260 
7.162 
7.112 
7.162 
6.915 
7.266 
7.095 
7.319 
7.111 
6.577 
7.111 
7.128 
6.843 
7.111 
6.640 
7.161 
7.111 
6.963 
7.319 
6.821 
7.374 
6.820 
7.163 
6.952 
6.621 
7.266 
7.160 
7.158 
7.203 
6.807 
7.103 
7.143 
7.111 
7.162 
6.726 
7.267 
7.162 
7.018 
7.319 
6.748 
7.010 
7.060 
7.058 
6.963 
6.181 
6.905 
7.207 
7.156 
7.107 
6.078 
7.110 
7.204 
7.112 
7.061 
6.228 
7.111 
7.013 
6.950 
6.729 
6.007 
7.055 
7.159 
7.061 
7.111 
5.888 
6.915 
7.319 
7.090 
6.820 
6.387 
7.067 
7.111 
7.161 
6.963 
6.914 
7.011 
7.162 
7.162 
7.266 
6.915 
7.213 
7.211 
5.968 
7.063 
6.553 
7.011 
7.157 
7.061 
7.072 
6.729 
6.915 
7.162 
7.112 
7.111 
6.427 
7.162 
7.012 
7.111 
6.775 
6.306 
7.111 
7.060 
7.012 
6.963 
6.267 
7.211 
7.011 
6.775 
6.978 
6.398 
7.161 
7.010 
6.963 
6.866 
6.429 
7.110 
7.009 
7.011 
7.103 
6.468 
6.983 
7.111 
7.161 
7.056 
6.227 
7.161 
6.962 
7.060 
7.012 
6.387 
6.867 
7.061 
7.109 
6.913 
6.473 
7.006 
7.102 
7.162 
7.010 
6.379 
7.002 
7.061 
7.061 
7.150 
6.041 
7.010 
7.214 
7.110 
7.061 
6.339 
7.062 
7.061 
7.105 
6.915 
6.468 
7.162 
6.965 
7.259 
7.060 
6.426 
7.011 
7.061 
7.056 
7.266 
6.232 
7.013 
7.162 
7.012 
6.730 
6.426 
6.806 
7.106 
7.012 
7.111 
6.553 
7.266 
7.162 
7.111 
7.012 
6.208 
6.986 
7.051 
7.102 
7.025 
6.290 
7.061 
6.868 
7.009 
7.061 
6.386 
7.112 
7.061 
7.111 
6.994 
6.306 
6.962 
7.043 
7.061 
7.008 
6.114 
6.868 
7.162 
6.915 
7.111 
6.359 
6.809 
7.141 
6.923 
6.956 
6.267 
7.118 
7.219 
6.963 
7.010 
6.428 
7.264 
7.112 
7.209 
7.427 
7.012 
7.162 
7.161 
7.214 
7.111 
6.775 
7.219 
6.910 
6.868 
7.050 
6.640 
6.977 
7.111 
6.729 
6.817 
6.387 
7.319 
7.213 
7.012 
7.012 
6.423 
7.111 
