278.0, 430.0, 210.0, 506.0, 204.0, 510.0, 0, 0, 0, 0, 220.0, 500.0, 0, 0, 0, 0, 0, 0, 0, 0, 0, 0, 0, 0, 0, 0, 0, 0, 264.0, 420.0, 282.0, 420.0, 220.0, 434.0, 0, 0
368.0, 438.0, 310.0, 512.0, 280.0, 518.0, 0, 0, 0, 0, 344.0, 502.0, 0, 0, 0, 0, 0, 0, 0, 0, 0, 0, 0, 0, 0, 0, 0, 0, 356.0, 426.0, 368.0, 426.0, 308.0, 442.0, 0, 0
456.0, 434.0, 400.0, 512.0, 364.0, 512.0, 0, 0, 0, 0, 440.0, 502.0, 0, 0, 0, 0, 0, 0, 0, 0, 0, 0, 0, 0, 0, 0, 0, 0, 444.0, 424.0, 456.0, 418.0, 402.0, 438.0, 0, 0
530.0, 436.0, 460.0, 520.0, 420.0, 526.0, 378.0, 654.0, 398.0, 790.0, 496.0, 520.0, 0, 0, 0, 0, 428.0, 740.0, 466.0, 832.0, 0, 0, 0, 0, 0, 0, 0, 0, 516.0, 422.0, 0, 0, 468.0, 438.0, 0, 0
594.0, 434.0, 538.0, 536.0, 482.0, 538.0, 0, 0, 0, 0, 586.0, 538.0, 654.0, 686.0, 704.0, 734.0, 0, 0, 0, 0, 0, 0, 0, 0, 0, 0, 0, 0, 574.0, 422.0, 592.0, 420.0, 526.0, 440.0, 0, 0
70.0, 428.0, 20.0, 472.0, 0, 0, 0, 0, 0, 0, 0, 0, 0, 0, 0, 0, 0, 0, 0, 0, 0, 0, 0, 0, 0, 0, 0, 0, 58.0, 416.0, 0, 0, 12.0, 428.0, 0, 0
158.0, 434.0, 116.0, 508.0, 0, 0, 0, 0, 0, 0, 0, 0, 0, 0, 0, 0, 0, 0, 0, 0, 0, 0, 0, 0, 0, 0, 0, 0, 142.0, 424.0, 160.0, 424.0, 94.0, 444.0, 0, 0
232.0, 426.0, 180.0, 506.0, 142.0, 510.0, 0, 0, 0, 0, 218.0, 502.0, 0, 0, 0, 0, 0, 0, 0, 0, 0, 0, 0, 0, 0, 0, 0, 0, 214.0, 414.0, 234.0, 414.0, 170.0, 436.0, 0, 0
286.0, 436.0, 250.0, 520.0, 186.0, 530.0, 150.0, 634.0, 0, 0, 300.0, 520.0, 0, 0, 0, 0, 0, 0, 0, 0, 0, 0, 0, 0, 0, 0, 0, 0, 264.0, 420.0, 290.0, 420.0, 224.0, 442.0, 0, 0
334.0, 422.0, 306.0, 518.0, 240.0, 522.0, 0, 0, 0, 0, 364.0, 520.0, 400.0, 636.0, 454.0, 728.0, 0, 0, 0, 0, 0, 0, 0, 0, 0, 0, 0, 0, 314.0, 408.0, 344.0, 406.0, 276.0, 424.0, 0, 0
390.0, 416.0, 362.0, 520.0, 288.0, 518.0, 256.0, 656.0, 288.0, 774.0, 428.0, 526.0, 0, 0, 0, 0, 0, 0, 0, 0, 0, 0, 0, 0, 0, 0, 0, 0, 368.0, 400.0, 402.0, 400.0, 328.0, 420.0, 0, 0
454.0, 406.0, 434.0, 518.0, 340.0, 518.0, 298.0, 646.0, 324.0, 794.0, 504.0, 532.0, 0, 0, 0, 0, 0, 0, 0, 0, 0, 0, 0, 0, 0, 0, 0, 0, 430.0, 388.0, 468.0, 390.0, 394.0, 404.0, 0, 0
504.0, 384.0, 476.0, 508.0, 380.0, 506.0, 0, 0, 0, 0, 568.0, 516.0, 0, 0, 0, 0, 0, 0, 0, 0, 0, 0, 0, 0, 0, 0, 0, 0, 478.0, 364.0, 520.0, 368.0, 440.0, 384.0, 540.0, 380.0
542.0, 376.0, 512.0, 520.0, 402.0, 508.0, 352.0, 656.0, 316.0, 864.0, 622.0, 534.0, 0, 0, 0, 0, 0, 0, 0, 0, 0, 0, 0, 0, 0, 0, 0, 0, 516.0, 354.0, 564.0, 358.0, 476.0, 378.0, 588.0, 372.0
592.0, 332.0, 556.0, 484.0, 432.0, 482.0, 0, 0, 0, 0, 658.0, 504.0, 0, 0, 0, 0, 0, 0, 0, 0, 0, 0, 0, 0, 0, 0, 0, 0, 560.0, 306.0, 614.0, 310.0, 508.0, 334.0, 642.0, 318.0
212.0, 430.0, 150.0, 506.0, 128.0, 514.0, 0, 0, 0, 0, 174.0, 498.0, 0, 0, 0, 0, 0, 0, 0, 0, 0, 0, 176.0, 600.0, 0, 0, 0, 0, 200.0, 418.0, 0, 0, 154.0, 434.0, 0, 0
302.0, 430.0, 252.0, 514.0, 214.0, 514.0, 0, 0, 0, 0, 294.0, 502.0, 0, 0, 0, 0, 0, 0, 0, 0, 0, 0, 270.0, 604.0, 0, 0, 0, 0, 290.0, 420.0, 0, 0, 248.0, 444.0, 0, 0
372.0, 426.0, 318.0, 508.0, 276.0, 514.0, 236.0, 628.0, 270.0, 758.0, 352.0, 496.0, 0, 0, 0, 0, 0, 0, 0, 0, 0, 0, 0, 0, 0, 0, 0, 0, 356.0, 414.0, 374.0, 414.0, 312.0, 432.0, 0, 0
420.0, 430.0, 386.0, 530.0, 322.0, 528.0, 276.0, 648.0, 294.0, 772.0, 436.0, 536.0, 0, 0, 0, 0, 0, 0, 0, 0, 0, 0, 0, 0, 0, 0, 0, 0, 398.0, 416.0, 422.0, 414.0, 360.0, 438.0, 0, 0
456.0, 416.0, 438.0, 522.0, 364.0, 528.0, 328.0, 662.0, 350.0, 782.0, 496.0, 524.0, 0, 0, 0, 0, 0, 0, 0, 0, 0, 0, 0, 0, 0, 0, 0, 0, 432.0, 404.0, 464.0, 400.0, 394.0, 430.0, 0, 0
508.0, 410.0, 488.0, 528.0, 406.0, 526.0, 378.0, 660.0, 430.0, 786.0, 558.0, 528.0, 0, 0, 0, 0, 0, 0, 0, 0, 0, 0, 0, 0, 0, 0, 0, 0, 486.0, 398.0, 518.0, 396.0, 446.0, 424.0, 0, 0
578.0, 406.0, 548.0, 526.0, 458.0, 526.0, 418.0, 662.0, 456.0, 800.0, 622.0, 532.0, 0, 0, 0, 0, 0, 0, 0, 0, 0, 0, 0, 0, 0, 0, 0, 0, 552.0, 388.0, 588.0, 388.0, 510.0, 412.0, 0, 0
618.0, 386.0, 596.0, 508.0, 496.0, 510.0, 456.0, 610.0, 0, 0, 694.0, 522.0, 0, 0, 0, 0, 0, 0, 0, 0, 0, 0, 0, 0, 0, 0, 0, 0, 592.0, 368.0, 634.0, 368.0, 550.0, 390.0, 652.0, 372.0
654.0, 376.0, 634.0, 518.0, 522.0, 524.0, 0, 0, 0, 0, 0, 0, 0, 0, 0, 0, 0, 0, 0, 0, 0, 0, 0, 0, 0, 0, 0, 0, 626.0, 356.0, 674.0, 358.0, 582.0, 390.0, 698.0, 372.0
708.0, 328.0, 676.0, 484.0, 554.0, 492.0, 0, 0, 0, 0, 0, 0, 0, 0, 0, 0, 0, 0, 0, 0, 0, 0, 0, 0, 0, 0, 0, 0, 678.0, 304.0, 0, 0, 624.0, 338.0, 0, 0
136.0, 426.0, 0, 0, 0, 0, 0, 0, 0, 0, 0, 0, 0, 0, 0, 0, 0, 0, 0, 0, 0, 0, 0, 0, 0, 0, 0, 0, 122.0, 416.0, 140.0, 418.0, 74.0, 436.0, 0, 0
208.0, 432.0, 156.0, 508.0, 132.0, 516.0, 130.0, 650.0, 232.0, 736.0, 184.0, 500.0, 0, 0, 0, 0, 0, 0, 0, 0, 0, 0, 0, 0, 0, 0, 0, 0, 194.0, 422.0, 0, 0, 150.0, 442.0, 0, 0
296.0, 430.0, 246.0, 516.0, 204.0, 516.0, 186.0, 636.0, 246.0, 760.0, 282.0, 516.0, 290.0, 574.0, 0, 0, 0, 0, 0, 0, 0, 0, 270.0, 606.0, 0, 0, 0, 0, 278.0, 420.0, 296.0, 416.0, 236.0, 444.0, 0, 0
344.0, 428.0, 316.0, 520.0, 248.0, 524.0, 208.0, 634.0, 212.0, 780.0, 360.0, 520.0, 0, 0, 0, 0, 0, 0, 0, 0, 0, 0, 0, 0, 0, 0, 0, 0, 326.0, 414.0, 350.0, 410.0, 284.0, 434.0, 0, 0
380.0, 420.0, 358.0, 528.0, 284.0, 528.0, 238.0, 648.0, 0, 0, 422.0, 528.0, 472.0, 650.0, 530.0, 742.0, 0, 0, 0, 0, 0, 0, 0, 0, 0, 0, 0, 0, 358.0, 408.0, 390.0, 406.0, 322.0, 430.0, 0, 0
416.0, 404.0, 396.0, 518.0, 312.0, 514.0, 278.0, 648.0, 306.0, 780.0, 474.0, 532.0, 506.0, 654.0, 540.0, 770.0, 0, 0, 0, 0, 0, 0, 0, 0, 0, 0, 0, 0, 392.0, 388.0, 426.0, 388.0, 358.0, 408.0, 442.0, 402.0
464.0, 398.0, 440.0, 522.0, 352.0, 520.0, 310.0, 668.0, 364.0, 790.0, 530.0, 534.0, 0, 0, 0, 0, 0, 0, 0, 0, 0, 0, 0, 0, 0, 0, 0, 0, 440.0, 380.0, 478.0, 384.0, 400.0, 404.0, 492.0, 402.0
518.0, 372.0, 486.0, 506.0, 384.0, 506.0, 0, 0, 0, 0, 586.0, 522.0, 0, 0, 0, 0, 0, 0, 0, 0, 0, 0, 0, 0, 0, 0, 0, 0, 492.0, 350.0, 534.0, 358.0, 450.0, 378.0, 556.0, 372.0
548.0, 352.0, 530.0, 504.0, 408.0, 498.0, 0, 0, 0, 0, 636.0, 512.0, 0, 0, 0, 0, 0, 0, 0, 0, 0, 0, 0, 0, 0, 0, 0, 0, 520.0, 332.0, 570.0, 334.0, 476.0, 362.0, 594.0, 352.0
578.0, 324.0, 554.0, 496.0, 416.0, 502.0, 0, 0, 0, 0, 0, 0, 0, 0, 0, 0, 0, 0, 0, 0, 0, 0, 0, 0, 0, 0, 0, 0, 546.0, 298.0, 600.0, 300.0, 494.0, 340.0, 630.0, 320.0
0, 0, 360.0, 512.0, 422.0, 512.0, 0, 0, 0, 0, 286.0, 508.0, 0, 0, 0, 0, 0, 0, 0, 0, 0, 0, 0, 0, 0, 0, 0, 0, 0, 0, 0, 0, 0, 0, 320.0, 416.0
0, 0, 312.0, 530.0, 382.0, 528.0, 0, 0, 0, 0, 250.0, 526.0, 0, 0, 0, 0, 368.0, 758.0, 0, 0, 0, 0, 0, 0, 0, 0, 0, 0, 0, 0, 0, 0, 0, 0, 270.0, 434.0
180.0, 434.0, 256.0, 524.0, 308.0, 528.0, 0, 0, 0, 0, 208.0, 524.0, 0, 0, 0, 0, 0, 0, 0, 0, 0, 0, 240.0, 734.0, 0, 0, 0, 0, 0, 0, 188.0, 426.0, 0, 0, 214.0, 436.0
126.0, 432.0, 200.0, 518.0, 180.0, 510.0, 0, 0, 0, 0, 230.0, 526.0, 0, 0, 0, 0, 0, 0, 0, 0, 0, 0, 232.0, 718.0, 0, 0, 0, 0, 0, 0, 134.0, 420.0, 0, 0, 174.0, 426.0
76.0, 434.0, 112.0, 504.0, 0, 0, 0, 0, 0, 0, 0, 0, 0, 0, 0, 0, 0, 0, 0, 0, 0, 0, 0, 0, 0, 0, 0, 0, 0, 0, 88.0, 426.0, 0, 0, 116.0, 434.0
280.0, 428.0, 218.0, 520.0, 188.0, 524.0, 168.0, 600.0, 0, 0, 250.0, 520.0, 0, 0, 0, 0, 0, 0, 0, 0, 0, 0, 0, 0, 0, 0, 0, 0, 262.0, 418.0, 280.0, 418.0, 218.0, 442.0, 0, 0
352.0, 426.0, 302.0, 516.0, 258.0, 518.0, 216.0, 636.0, 264.0, 768.0, 342.0, 510.0, 0, 0, 0, 0, 0, 0, 0, 0, 0, 0, 0, 0, 0, 0, 0, 0, 332.0, 412.0, 356.0, 410.0, 292.0, 436.0, 0, 0
398.0, 430.0, 366.0, 528.0, 300.0, 526.0, 252.0, 652.0, 254.0, 786.0, 420.0, 528.0, 0, 0, 0, 0, 0, 0, 0, 0, 0, 0, 0, 0, 0, 0, 0, 0, 376.0, 414.0, 404.0, 414.0, 334.0, 438.0, 0, 0
438.0, 418.0, 420.0, 532.0, 336.0, 534.0, 0, 0, 0, 0, 488.0, 538.0, 0, 0, 0, 0, 0, 0, 0, 0, 0, 0, 0, 0, 0, 0, 0, 0, 416.0, 402.0, 450.0, 402.0, 380.0, 430.0, 0, 0
492.0, 400.0, 464.0, 518.0, 380.0, 518.0, 330.0, 664.0, 0, 0, 540.0, 526.0, 0, 0, 0, 0, 0, 0, 0, 0, 0, 0, 0, 0, 0, 0, 0, 0, 466.0, 384.0, 502.0, 386.0, 426.0, 410.0, 0, 0
550.0, 398.0, 514.0, 522.0, 424.0, 518.0, 370.0, 666.0, 404.0, 816.0, 594.0, 532.0, 0, 0, 0, 0, 0, 0, 0, 0, 0, 0, 0, 0, 0, 0, 0, 0, 522.0, 378.0, 562.0, 380.0, 478.0, 404.0, 0, 0
606.0, 368.0, 556.0, 512.0, 450.0, 498.0, 398.0, 646.0, 404.0, 836.0, 656.0, 526.0, 0, 0, 0, 0, 0, 0, 0, 0, 0, 0, 0, 0, 0, 0, 0, 0, 578.0, 342.0, 618.0, 348.0, 524.0, 372.0, 0, 0
618.0, 348.0, 588.0, 510.0, 456.0, 500.0, 0, 0, 0, 0, 696.0, 520.0, 0, 0, 0, 0, 0, 0, 0, 0, 0, 0, 0, 0, 0, 0, 0, 0, 590.0, 324.0, 638.0, 328.0, 534.0, 364.0, 658.0, 350.0
630.0, 314.0, 590.0, 490.0, 452.0, 488.0, 0, 0, 0, 0, 0, 0, 0, 0, 0, 0, 0, 0, 0, 0, 0, 0, 0, 0, 0, 0, 0, 0, 594.0, 284.0, 652.0, 288.0, 536.0, 330.0, 676.0, 314.0
676.0, 254.0, 0, 0, 0, 0, 0, 0, 0, 0, 0, 0, 0, 0, 0, 0, 0, 0, 0, 0, 0, 0, 0, 0, 0, 0, 0, 0, 632.0, 218.0, 700.0, 222.0, 560.0, 270.0, 0, 0
140.0, 434.0, 98.0, 502.0, 0, 0, 0, 0, 0, 0, 0, 0, 0, 0, 0, 0, 0, 0, 0, 0, 0, 0, 0, 0, 0, 0, 0, 0, 124.0, 424.0, 146.0, 424.0, 76.0, 440.0, 0, 0
214.0, 436.0, 162.0, 504.0, 130.0, 506.0, 0, 0, 0, 0, 194.0, 502.0, 0, 0, 0, 0, 0, 0, 0, 0, 0, 0, 0, 0, 0, 0, 0, 0, 196.0, 420.0, 220.0, 420.0, 156.0, 436.0, 0, 0
258.0, 438.0, 226.0, 518.0, 166.0, 516.0, 0, 0, 0, 0, 280.0, 532.0, 0, 0, 0, 0, 0, 0, 0, 0, 0, 0, 0, 0, 0, 0, 0, 0, 240.0, 422.0, 272.0, 424.0, 210.0, 432.0, 0, 0
282.0, 432.0, 272.0, 524.0, 198.0, 520.0, 158.0, 636.0, 154.0, 784.0, 334.0, 530.0, 354.0, 582.0, 350.0, 582.0, 0, 0, 0, 0, 0, 0, 0, 0, 0, 0, 0, 0, 264.0, 414.0, 298.0, 416.0, 240.0, 430.0, 320.0, 430.0
310.0, 420.0, 312.0, 518.0, 232.0, 512.0, 200.0, 636.0, 208.0, 772.0, 384.0, 526.0, 0, 0, 0, 0, 0, 0, 0, 0, 0, 0, 0, 0, 0, 0, 0, 0, 294.0, 402.0, 328.0, 404.0, 274.0, 416.0, 356.0, 414.0
344.0, 410.0, 358.0, 520.0, 274.0, 520.0, 236.0, 652.0, 240.0, 792.0, 436.0, 528.0, 0, 0, 0, 0, 0, 0, 0, 0, 0, 0, 0, 0, 0, 0, 0, 0, 328.0, 394.0, 364.0, 394.0, 314.0, 410.0, 402.0, 408.0
388.0, 386.0, 396.0, 512.0, 304.0, 504.0, 262.0, 650.0, 252.0, 814.0, 486.0, 526.0, 0, 0, 0, 0, 0, 0, 0, 0, 0, 0, 0, 0, 0, 0, 0, 0, 370.0, 370.0, 410.0, 372.0, 352.0, 384.0, 448.0, 390.0
410.0, 380.0, 432.0, 508.0, 326.0, 510.0, 0, 0, 0, 0, 528.0, 526.0, 0, 0, 0, 0, 0, 0, 0, 0, 0, 0, 0, 0, 0, 0, 0, 0, 392.0, 364.0, 436.0, 362.0, 372.0, 380.0, 478.0, 382.0
432.0, 364.0, 454.0, 498.0, 340.0, 500.0, 0, 0, 0, 0, 558.0, 516.0, 0, 0, 0, 0, 0, 0, 0, 0, 0, 0, 0, 0, 0, 0, 0, 0, 410.0, 344.0, 456.0, 340.0, 390.0, 366.0, 506.0, 352.0
468.0, 330.0, 492.0, 472.0, 370.0, 478.0, 0, 0, 0, 0, 606.0, 520.0, 0, 0, 0, 0, 0, 0, 0, 0, 0, 0, 0, 0, 0, 0, 0, 0, 446.0, 310.0, 498.0, 304.0, 0, 0, 558.0, 334.0
288.0, 432.0, 356.0, 522.0, 412.0, 528.0, 0, 0, 0, 0, 294.0, 522.0, 0, 0, 0, 0, 0, 0, 0, 0, 0, 0, 0, 0, 0, 0, 0, 0, 0, 0, 294.0, 426.0, 0, 0, 312.0, 432.0
234.0, 438.0, 308.0, 532.0, 364.0, 540.0, 0, 0, 0, 0, 258.0, 528.0, 0, 0, 0, 0, 0, 0, 0, 0, 0, 0, 0, 0, 0, 0, 0, 0, 0, 0, 242.0, 430.0, 0, 0, 266.0, 438.0
180.0, 436.0, 246.0, 524.0, 214.0, 508.0, 0, 0, 0, 0, 278.0, 530.0, 0, 0, 0, 0, 276.0, 686.0, 0, 0, 0, 0, 0, 0, 0, 0, 0, 0, 0, 0, 190.0, 426.0, 0, 0, 222.0, 436.0
112.0, 434.0, 170.0, 518.0, 138.0, 506.0, 0, 0, 0, 0, 200.0, 532.0, 182.0, 632.0, 130.0, 804.0, 0, 0, 0, 0, 0, 0, 0, 0, 0, 0, 0, 0, 98.0, 422.0, 130.0, 422.0, 0, 0, 170.0, 438.0
42.0, 430.0, 0, 0, 0, 0, 0, 0, 0, 0, 0, 0, 0, 0, 0, 0, 0, 0, 0, 0, 0, 0, 0, 0, 0, 0, 0, 0, 34.0, 416.0, 62.0, 420.0, 0, 0, 102.0, 436.0
224.0, 440.0, 176.0, 512.0, 142.0, 512.0, 0, 0, 0, 0, 208.0, 512.0, 0, 0, 0, 0, 0, 0, 0, 0, 0, 0, 0, 0, 0, 0, 0, 0, 204.0, 426.0, 226.0, 426.0, 166.0, 444.0, 0, 0
280.0, 430.0, 250.0, 512.0, 204.0, 514.0, 172.0, 624.0, 220.0, 748.0, 292.0, 516.0, 0, 0, 0, 0, 0, 0, 0, 0, 0, 0, 0, 0, 0, 0, 0, 0, 262.0, 416.0, 292.0, 418.0, 230.0, 432.0, 0, 0
326.0, 430.0, 308.0, 518.0, 242.0, 516.0, 192.0, 654.0, 192.0, 766.0, 364.0, 526.0, 0, 0, 0, 0, 246.0, 756.0, 288.0, 930.0, 0, 0, 0, 0, 0, 0, 0, 0, 308.0, 416.0, 338.0, 416.0, 278.0, 432.0, 358.0, 426.0
360.0, 420.0, 344.0, 520.0, 272.0, 518.0, 0, 0, 0, 0, 414.0, 528.0, 456.0, 650.0, 510.0, 752.0, 286.0, 770.0, 0, 0, 0, 0, 0, 0, 0, 0, 0, 0, 340.0, 406.0, 372.0, 406.0, 312.0, 424.0, 388.0, 418.0
400.0, 410.0, 380.0, 516.0, 302.0, 510.0, 264.0, 614.0, 0, 0, 454.0, 524.0, 484.0, 658.0, 514.0, 778.0, 0, 0, 0, 0, 0, 0, 0, 0, 0, 0, 0, 0, 378.0, 392.0, 416.0, 396.0, 348.0, 410.0, 430.0, 412.0
454.0, 410.0, 430.0, 526.0, 346.0, 518.0, 310.0, 598.0, 0, 0, 516.0, 548.0, 0, 0, 0, 0, 0, 0, 0, 0, 0, 0, 0, 0, 0, 0, 0, 0, 432.0, 390.0, 472.0, 394.0, 398.0, 408.0, 490.0, 408.0
510.0, 384.0, 476.0, 512.0, 380.0, 500.0, 330.0, 594.0, 338.0, 814.0, 570.0, 528.0, 0, 0, 0, 0, 0, 0, 0, 0, 0, 0, 0, 0, 0, 0, 0, 0, 486.0, 362.0, 530.0, 368.0, 450.0, 382.0, 548.0, 386.0
532.0, 368.0, 510.0, 504.0, 400.0, 498.0, 0, 0, 0, 0, 614.0, 520.0, 0, 0, 0, 0, 0, 0, 0, 0, 0, 0, 0, 0, 0, 0, 0, 0, 506.0, 344.0, 556.0, 348.0, 470.0, 368.0, 582.0, 366.0
552.0, 340.0, 526.0, 494.0, 408.0, 498.0, 0, 0, 0, 0, 638.0, 502.0, 0, 0, 0, 0, 0, 0, 0, 0, 0, 0, 0, 0, 0, 0, 0, 0, 526.0, 314.0, 580.0, 318.0, 478.0, 346.0, 606.0, 344.0
596.0, 292.0, 568.0, 480.0, 420.0, 474.0, 0, 0, 0, 0, 0, 0, 0, 0, 0, 0, 0, 0, 0, 0, 0, 0, 0, 0, 0, 0, 0, 0, 566.0, 266.0, 624.0, 264.0, 506.0, 302.0, 654.0, 282.0
284.0, 440.0, 224.0, 520.0, 188.0, 520.0, 0, 0, 0, 0, 260.0, 516.0, 0, 0, 0, 0, 0, 0, 0, 0, 0, 0, 248.0, 608.0, 0, 0, 0, 0, 268.0, 426.0, 286.0, 428.0, 222.0, 442.0, 0, 0
364.0, 436.0, 316.0, 514.0, 266.0, 518.0, 226.0, 634.0, 262.0, 770.0, 352.0, 504.0, 0, 0, 0, 0, 0, 0, 0, 0, 0, 0, 0, 0, 0, 0, 0, 0, 346.0, 424.0, 368.0, 424.0, 304.0, 436.0, 0, 0
412.0, 434.0, 372.0, 524.0, 306.0, 520.0, 254.0, 638.0, 254.0, 780.0, 434.0, 532.0, 0, 0, 0, 0, 302.0, 760.0, 0, 0, 0, 0, 0, 0, 0, 0, 0, 0, 392.0, 418.0, 420.0, 418.0, 350.0, 432.0, 0, 0
444.0, 428.0, 420.0, 536.0, 338.0, 532.0, 294.0, 654.0, 0, 0, 496.0, 544.0, 528.0, 674.0, 570.0, 762.0, 0, 0, 0, 0, 0, 0, 0, 0, 0, 0, 0, 0, 422.0, 412.0, 456.0, 410.0, 386.0, 432.0, 0, 0
484.0, 410.0, 460.0, 520.0, 370.0, 518.0, 330.0, 668.0, 338.0, 816.0, 536.0, 530.0, 0, 0, 0, 0, 0, 0, 0, 0, 0, 0, 0, 0, 0, 0, 0, 0, 460.0, 390.0, 496.0, 392.0, 424.0, 412.0, 0, 0
538.0, 404.0, 504.0, 518.0, 412.0, 514.0, 364.0, 676.0, 402.0, 818.0, 590.0, 534.0, 0, 0, 0, 0, 0, 0, 0, 0, 0, 0, 0, 0, 0, 0, 0, 0, 514.0, 382.0, 554.0, 384.0, 470.0, 400.0, 0, 0
608.0, 380.0, 550.0, 512.0, 450.0, 504.0, 400.0, 668.0, 424.0, 840.0, 648.0, 534.0, 0, 0, 0, 0, 0, 0, 0, 0, 0, 0, 0, 0, 0, 0, 0, 0, 582.0, 358.0, 626.0, 362.0, 532.0, 374.0, 638.0, 384.0
638.0, 346.0, 588.0, 496.0, 462.0, 494.0, 0, 0, 0, 0, 702.0, 516.0, 0, 0, 0, 0, 0, 0, 0, 0, 0, 0, 0, 0, 0, 0, 0, 0, 610.0, 320.0, 660.0, 326.0, 550.0, 356.0, 676.0, 346.0
654.0, 322.0, 616.0, 502.0, 480.0, 492.0, 0, 0, 0, 0, 0, 0, 0, 0, 0, 0, 0, 0, 0, 0, 0, 0, 0, 0, 0, 0, 0, 0, 618.0, 292.0, 676.0, 296.0, 554.0, 336.0, 0, 0
682.0, 260.0, 662.0, 464.0, 480.0, 458.0, 0, 0, 0, 0, 0, 0, 0, 0, 0, 0, 0, 0, 0, 0, 0, 0, 0, 0, 0, 0, 0, 0, 650.0, 222.0, 0, 0, 574.0, 270.0, 0, 0
294.0, 434.0, 230.0, 516.0, 190.0, 522.0, 172.0, 628.0, 220.0, 752.0, 264.0, 506.0, 0, 0, 0, 0, 0, 0, 0, 0, 0, 0, 0, 0, 0, 0, 0, 0, 278.0, 424.0, 296.0, 424.0, 234.0, 438.0, 0, 0
332.0, 436.0, 288.0, 516.0, 236.0, 514.0, 188.0, 626.0, 182.0, 762.0, 334.0, 522.0, 0, 0, 0, 0, 232.0, 746.0, 274.0, 916.0, 0, 0, 0, 0, 0, 0, 0, 0, 314.0, 420.0, 344.0, 422.0, 276.0, 432.0, 376.0, 426.0
354.0, 428.0, 330.0, 522.0, 262.0, 520.0, 214.0, 632.0, 0, 0, 392.0, 534.0, 0, 0, 0, 0, 0, 0, 0, 0, 0, 0, 0, 0, 0, 0, 0, 0, 336.0, 412.0, 368.0, 416.0, 308.0, 430.0, 382.0, 428.0
376.0, 418.0, 364.0, 518.0, 288.0, 516.0, 252.0, 642.0, 0, 0, 434.0, 528.0, 0, 0, 0, 0, 0, 0, 0, 0, 0, 0, 0, 0, 0, 0, 0, 0, 358.0, 402.0, 392.0, 402.0, 334.0, 420.0, 414.0, 418.0
418.0, 414.0, 412.0, 526.0, 328.0, 520.0, 288.0, 664.0, 334.0, 776.0, 490.0, 542.0, 0, 0, 0, 0, 0, 0, 0, 0, 0, 0, 0, 0, 0, 0, 0, 0, 400.0, 398.0, 438.0, 400.0, 374.0, 416.0, 460.0, 420.0
486.0, 404.0, 464.0, 518.0, 376.0, 512.0, 0, 0, 0, 0, 546.0, 538.0, 0, 0, 0, 0, 0, 0, 0, 0, 0, 0, 0, 0, 0, 0, 0, 0, 464.0, 386.0, 502.0, 388.0, 432.0, 410.0, 528.0, 400.0
524.0, 382.0, 506.0, 508.0, 406.0, 500.0, 348.0, 648.0, 334.0, 826.0, 600.0, 526.0, 0, 0, 0, 0, 0, 0, 0, 0, 0, 0, 0, 0, 0, 0, 0, 0, 502.0, 364.0, 548.0, 366.0, 470.0, 390.0, 572.0, 384.0
552.0, 376.0, 528.0, 520.0, 418.0, 510.0, 370.0, 686.0, 350.0, 870.0, 638.0, 528.0, 676.0, 612.0, 0, 0, 0, 0, 0, 0, 0, 0, 0, 0, 0, 0, 0, 0, 528.0, 354.0, 576.0, 358.0, 490.0, 386.0, 604.0, 374.0
592.0, 334.0, 556.0, 488.0, 432.0, 490.0, 0, 0, 0, 0, 676.0, 512.0, 0, 0, 0, 0, 0, 0, 0, 0, 0, 0, 0, 0, 0, 0, 0, 0, 562.0, 308.0, 614.0, 312.0, 512.0, 342.0, 640.0, 330.0
658.0, 308.0, 630.0, 496.0, 0, 0, 0, 0, 0, 0, 0, 0, 0, 0, 0, 0, 0, 0, 0, 0, 0, 0, 0, 0, 0, 0, 0, 0, 622.0, 282.0, 680.0, 288.0, 560.0, 314.0, 708.0, 306.0
0, 0, 316.0, 528.0, 374.0, 530.0, 0, 0, 0, 0, 236.0, 534.0, 0, 0, 0, 0, 0, 0, 0, 0, 0, 0, 0, 0, 0, 0, 0, 0, 0, 0, 0, 0, 0, 0, 272.0, 442.0
206.0, 448.0, 276.0, 528.0, 336.0, 528.0, 0, 0, 0, 0, 220.0, 524.0, 0, 0, 0, 0, 0, 0, 0, 0, 0, 0, 0, 0, 0, 0, 0, 0, 0, 0, 210.0, 434.0, 0, 0, 234.0, 436.0
152.0, 434.0, 218.0, 524.0, 0, 0, 0, 0, 0, 0, 184.0, 528.0, 0, 0, 0, 0, 0, 0, 0, 0, 0, 0, 0, 0, 0, 0, 0, 0, 0, 0, 162.0, 426.0, 0, 0, 192.0, 438.0
92.0, 436.0, 158.0, 526.0, 132.0, 512.0, 0, 0, 0, 0, 190.0, 536.0, 0, 0, 0, 0, 0, 0, 0, 0, 0, 0, 164.0, 712.0, 0, 0, 0, 0, 0, 0, 102.0, 424.0, 0, 0, 138.0, 438.0
98.0, 430.0, 50.0, 478.0, 0, 0, 0, 0, 0, 0, 90.0, 472.0, 0, 0, 0, 0, 0, 0, 0, 0, 0, 0, 0, 0, 0, 0, 0, 0, 84.0, 416.0, 0, 0, 34.0, 434.0, 0, 0
178.0, 438.0, 130.0, 504.0, 98.0, 516.0, 0, 0, 0, 0, 168.0, 494.0, 0, 0, 0, 0, 0, 0, 0, 0, 0, 0, 0, 0, 0, 0, 0, 0, 164.0, 426.0, 178.0, 428.0, 120.0, 442.0, 0, 0
260.0, 432.0, 194.0, 508.0, 158.0, 508.0, 130.0, 628.0, 164.0, 756.0, 226.0, 506.0, 0, 0, 0, 0, 0, 0, 0, 0, 0, 0, 0, 0, 0, 0, 0, 0, 246.0, 420.0, 0, 0, 198.0, 438.0, 0, 0
308.0, 434.0, 254.0, 510.0, 200.0, 518.0, 146.0, 622.0, 140.0, 760.0, 296.0, 506.0, 0, 0, 0, 0, 0, 0, 0, 0, 0, 0, 0, 0, 0, 0, 0, 0, 290.0, 418.0, 314.0, 418.0, 248.0, 432.0, 0, 0
340.0, 430.0, 304.0, 524.0, 236.0, 524.0, 192.0, 628.0, 0, 0, 356.0, 530.0, 0, 0, 0, 0, 0, 0, 0, 0, 0, 0, 364.0, 614.0, 0, 0, 0, 0, 320.0, 412.0, 348.0, 412.0, 278.0, 432.0, 0, 0
366.0, 416.0, 340.0, 520.0, 266.0, 520.0, 230.0, 668.0, 248.0, 738.0, 408.0, 528.0, 438.0, 656.0, 472.0, 756.0, 0, 0, 0, 0, 0, 0, 0, 0, 0, 0, 0, 0, 346.0, 400.0, 378.0, 400.0, 310.0, 420.0, 0, 0
412.0, 414.0, 386.0, 524.0, 310.0, 518.0, 270.0, 664.0, 318.0, 784.0, 462.0, 532.0, 0, 0, 0, 0, 0, 0, 0, 0, 0, 0, 0, 0, 0, 0, 0, 0, 392.0, 396.0, 428.0, 400.0, 356.0, 416.0, 440.0, 422.0
480.0, 400.0, 438.0, 520.0, 346.0, 510.0, 302.0, 646.0, 306.0, 816.0, 524.0, 536.0, 0, 0, 0, 0, 0, 0, 0, 0, 0, 0, 0, 0, 0, 0, 0, 0, 458.0, 376.0, 494.0, 382.0, 414.0, 392.0, 0, 0
510.0, 382.0, 472.0, 506.0, 366.0, 500.0, 310.0, 660.0, 286.0, 834.0, 568.0, 520.0, 0, 0, 0, 0, 0, 0, 0, 0, 0, 0, 0, 0, 0, 0, 0, 0, 484.0, 358.0, 526.0, 364.0, 436.0, 382.0, 538.0, 382.0
520.0, 370.0, 486.0, 518.0, 366.0, 508.0, 290.0, 850.0, 292.0, 878.0, 600.0, 526.0, 0, 0, 0, 0, 0, 0, 0, 0, 0, 0, 0, 0, 0, 0, 0, 0, 492.0, 344.0, 540.0, 350.0, 438.0, 376.0, 0, 0
534.0, 320.0, 518.0, 496.0, 366.0, 482.0, 0, 0, 0, 0, 622.0, 500.0, 0, 0, 0, 0, 0, 0, 0, 0, 0, 0, 0, 0, 0, 0, 0, 0, 504.0, 294.0, 556.0, 300.0, 448.0, 330.0, 580.0, 308.0
0, 0, 316.0, 532.0, 368.0, 532.0, 0, 0, 0, 0, 244.0, 534.0, 0, 0, 0, 0, 0, 0, 0, 0, 0, 0, 0, 0, 0, 0, 0, 0, 0, 0, 0, 0, 334.0, 450.0, 268.0, 446.0
192.0, 442.0, 272.0, 526.0, 322.0, 528.0, 0, 0, 0, 0, 216.0, 524.0, 0, 0, 0, 0, 0, 0, 0, 0, 0, 0, 0, 0, 0, 0, 0, 0, 0, 0, 200.0, 434.0, 0, 0, 226.0, 438.0
140.0, 436.0, 214.0, 524.0, 188.0, 518.0, 0, 0, 0, 0, 238.0, 524.0, 0, 0, 0, 0, 0, 0, 0, 0, 0, 0, 0, 0, 0, 0, 0, 0, 0, 0, 148.0, 426.0, 0, 0, 182.0, 434.0
80.0, 438.0, 136.0, 512.0, 0, 0, 0, 0, 0, 0, 162.0, 518.0, 0, 0, 0, 0, 0, 0, 0, 0, 0, 0, 162.0, 740.0, 0, 0, 0, 0, 0, 0, 88.0, 426.0, 0, 0, 128.0, 430.0
56.0, 432.0, 16.0, 470.0, 0, 0, 0, 0, 0, 0, 0, 0, 0, 0, 0, 0, 0, 0, 0, 0, 0, 0, 0, 0, 0, 0, 0, 0, 42.0, 416.0, 0, 0, 10.0, 416.0, 0, 0
126.0, 430.0, 0, 0, 0, 0, 0, 0, 0, 0, 0, 0, 0, 0, 0, 0, 0, 0, 0, 0, 0, 0, 0, 0, 0, 0, 0, 0, 106.0, 418.0, 132.0, 420.0, 62.0, 440.0, 0, 0
180.0, 432.0, 144.0, 512.0, 106.0, 520.0, 0, 0, 0, 0, 178.0, 504.0, 0, 0, 0, 0, 0, 0, 0, 0, 0, 0, 0, 0, 0, 0, 0, 0, 162.0, 420.0, 184.0, 416.0, 126.0, 442.0, 0, 0
248.0, 440.0, 206.0, 518.0, 144.0, 526.0, 120.0, 654.0, 160.0, 768.0, 256.0, 516.0, 0, 0, 0, 0, 0, 0, 0, 0, 0, 0, 0, 0, 0, 0, 0, 0, 224.0, 420.0, 252.0, 420.0, 188.0, 440.0, 0, 0
314.0, 428.0, 286.0, 518.0, 216.0, 518.0, 164.0, 624.0, 156.0, 774.0, 338.0, 522.0, 0, 0, 0, 0, 0, 0, 0, 0, 0, 0, 0, 0, 0, 0, 0, 0, 296.0, 410.0, 328.0, 412.0, 260.0, 430.0, 0, 0
356.0, 418.0, 332.0, 522.0, 250.0, 516.0, 192.0, 632.0, 172.0, 760.0, 408.0, 530.0, 0, 0, 0, 0, 0, 0, 0, 0, 0, 0, 0, 0, 0, 0, 0, 0, 334.0, 400.0, 370.0, 404.0, 302.0, 418.0, 386.0, 420.0
378.0, 406.0, 362.0, 528.0, 276.0, 524.0, 226.0, 660.0, 192.0, 806.0, 446.0, 534.0, 0, 0, 0, 0, 0, 0, 0, 0, 0, 0, 0, 0, 0, 0, 0, 0, 360.0, 388.0, 394.0, 394.0, 326.0, 412.0, 420.0, 408.0
410.0, 376.0, 392.0, 506.0, 298.0, 504.0, 246.0, 646.0, 214.0, 810.0, 492.0, 518.0, 0, 0, 0, 0, 0, 0, 0, 0, 0, 0, 0, 0, 0, 0, 0, 0, 388.0, 358.0, 428.0, 360.0, 354.0, 382.0, 454.0, 380.0
472.0, 374.0, 446.0, 510.0, 346.0, 514.0, 0, 0, 0, 0, 540.0, 528.0, 0, 0, 0, 0, 0, 0, 0, 0, 0, 0, 0, 0, 0, 0, 0, 0, 446.0, 354.0, 490.0, 360.0, 400.0, 374.0, 506.0, 376.0
550.0, 342.0, 500.0, 496.0, 394.0, 494.0, 0, 0, 0, 0, 612.0, 526.0, 0, 0, 0, 0, 0, 0, 0, 0, 0, 0, 0, 0, 0, 0, 0, 0, 524.0, 318.0, 570.0, 326.0, 466.0, 348.0, 586.0, 346.0
604.0, 312.0, 564.0, 486.0, 422.0, 492.0, 0, 0, 0, 0, 0, 0, 0, 0, 0, 0, 0, 0, 0, 0, 0, 0, 0, 0, 0, 0, 0, 0, 572.0, 288.0, 626.0, 292.0, 514.0, 324.0, 656.0, 300.0
184.0, 430.0, 134.0, 504.0, 104.0, 518.0, 0, 0, 0, 0, 166.0, 494.0, 0, 0, 0, 0, 0, 0, 0, 0, 0, 0, 0, 0, 0, 0, 0, 0, 172.0, 418.0, 0, 0, 126.0, 436.0, 0, 0
266.0, 438.0, 206.0, 518.0, 170.0, 520.0, 134.0, 634.0, 0, 0, 242.0, 506.0, 0, 0, 0, 0, 0, 0, 0, 0, 0, 0, 0, 0, 0, 0, 0, 0, 250.0, 424.0, 266.0, 426.0, 206.0, 442.0, 0, 0
356.0, 438.0, 292.0, 516.0, 250.0, 516.0, 204.0, 626.0, 0, 0, 332.0, 516.0, 0, 0, 0, 0, 0, 0, 0, 0, 0, 0, 0, 0, 0, 0, 0, 0, 338.0, 422.0, 360.0, 424.0, 292.0, 436.0, 0, 0
404.0, 436.0, 356.0, 516.0, 290.0, 516.0, 240.0, 636.0, 274.0, 758.0, 412.0, 522.0, 0, 0, 0, 0, 0, 0, 0, 0, 0, 0, 0, 0, 0, 0, 0, 0, 382.0, 416.0, 410.0, 420.0, 340.0, 430.0, 0, 0
434.0, 432.0, 394.0, 530.0, 320.0, 524.0, 272.0, 650.0, 276.0, 786.0, 470.0, 548.0, 494.0, 678.0, 528.0, 780.0, 0, 0, 0, 0, 0, 0, 0, 0, 0, 0, 0, 0, 412.0, 410.0, 444.0, 416.0, 372.0, 424.0, 0, 0
462.0, 408.0, 436.0, 520.0, 352.0, 512.0, 300.0, 644.0, 288.0, 796.0, 520.0, 536.0, 0, 0, 0, 0, 0, 0, 0, 0, 0, 0, 0, 0, 0, 0, 0, 0, 442.0, 390.0, 476.0, 394.0, 402.0, 410.0, 0, 0
516.0, 402.0, 484.0, 518.0, 394.0, 514.0, 0, 0, 0, 0, 568.0, 532.0, 0, 0, 0, 0, 0, 0, 0, 0, 0, 0, 0, 0, 0, 0, 0, 0, 492.0, 382.0, 530.0, 388.0, 448.0, 404.0, 0, 0
598.0, 384.0, 546.0, 506.0, 452.0, 502.0, 0, 0, 0, 0, 646.0, 528.0, 0, 0, 0, 0, 0, 0, 0, 0, 0, 0, 0, 0, 0, 0, 0, 0, 570.0, 360.0, 610.0, 366.0, 518.0, 384.0, 0, 0
650.0, 356.0, 602.0, 502.0, 488.0, 492.0, 0, 0, 0, 0, 704.0, 524.0, 0, 0, 0, 0, 0, 0, 0, 0, 0, 0, 0, 0, 0, 0, 0, 0, 620.0, 332.0, 668.0, 340.0, 562.0, 362.0, 690.0, 346.0
696.0, 342.0, 668.0, 518.0, 514.0, 500.0, 0, 0, 0, 0, 0, 0, 0, 0, 0, 0, 0, 0, 0, 0, 0, 0, 0, 0, 0, 0, 0, 0, 658.0, 312.0, 710.0, 316.0, 598.0, 346.0, 0, 0
188.0, 440.0, 142.0, 510.0, 116.0, 522.0, 126.0, 648.0, 212.0, 746.0, 174.0, 496.0, 0, 0, 0, 0, 0, 0, 0, 0, 0, 0, 0, 0, 0, 0, 0, 0, 180.0, 430.0, 0, 0, 140.0, 446.0, 0, 0
272.0, 432.0, 206.0, 512.0, 174.0, 516.0, 160.0, 620.0, 0, 0, 238.0, 504.0, 0, 0, 0, 0, 0, 0, 0, 0, 0, 0, 0, 0, 0, 0, 0, 0, 258.0, 422.0, 276.0, 422.0, 210.0, 438.0, 0, 0
318.0, 440.0, 266.0, 516.0, 216.0, 526.0, 176.0, 640.0, 184.0, 780.0, 310.0, 508.0, 0, 0, 0, 0, 0, 0, 0, 0, 0, 0, 0, 0, 0, 0, 0, 0, 302.0, 424.0, 322.0, 424.0, 258.0, 438.0, 0, 0
360.0, 432.0, 324.0, 528.0, 256.0, 526.0, 220.0, 646.0, 220.0, 786.0, 380.0, 528.0, 0, 0, 0, 0, 0, 0, 0, 0, 0, 0, 0, 0, 0, 0, 0, 0, 338.0, 416.0, 366.0, 416.0, 296.0, 434.0, 0, 0
398.0, 420.0, 362.0, 522.0, 288.0, 520.0, 260.0, 670.0, 0, 0, 434.0, 532.0, 0, 0, 0, 0, 0, 0, 0, 0, 0, 0, 0, 0, 0, 0, 0, 0, 376.0, 404.0, 408.0, 406.0, 336.0, 424.0, 0, 0
452.0, 412.0, 416.0, 524.0, 332.0, 524.0, 294.0, 666.0, 336.0, 792.0, 492.0, 528.0, 0, 0, 0, 0, 0, 0, 0, 0, 0, 0, 0, 0, 0, 0, 0, 0, 430.0, 392.0, 464.0, 396.0, 386.0, 418.0, 0, 0
494.0, 390.0, 454.0, 508.0, 364.0, 504.0, 314.0, 648.0, 308.0, 808.0, 546.0, 526.0, 0, 0, 0, 0, 0, 0, 0, 0, 0, 0, 0, 0, 0, 0, 0, 0, 470.0, 368.0, 508.0, 376.0, 426.0, 390.0, 522.0, 390.0
516.0, 384.0, 492.0, 518.0, 384.0, 514.0, 326.0, 678.0, 292.0, 852.0, 590.0, 526.0, 0, 0, 0, 0, 0, 0, 0, 0, 0, 0, 0, 0, 0, 0, 0, 0, 490.0, 362.0, 534.0, 366.0, 446.0, 392.0, 554.0, 378.0
534.0, 348.0, 512.0, 496.0, 392.0, 504.0, 0, 0, 0, 0, 624.0, 512.0, 0, 0, 0, 0, 0, 0, 0, 0, 0, 0, 0, 0, 0, 0, 0, 0, 504.0, 326.0, 556.0, 328.0, 460.0, 360.0, 578.0, 348.0
588.0, 312.0, 548.0, 484.0, 424.0, 480.0, 0, 0, 0, 0, 672.0, 500.0, 0, 0, 0, 0, 0, 0, 0, 0, 0, 0, 0, 0, 0, 0, 0, 0, 552.0, 290.0, 610.0, 290.0, 500.0, 326.0, 640.0, 298.0
206.0, 442.0, 146.0, 512.0, 130.0, 516.0, 0, 0, 0, 0, 168.0, 502.0, 0, 0, 0, 0, 0, 0, 0, 0, 0, 0, 160.0, 652.0, 0, 0, 0, 0, 194.0, 430.0, 0, 0, 156.0, 448.0, 0, 0
276.0, 432.0, 208.0, 516.0, 178.0, 512.0, 0, 0, 0, 0, 238.0, 510.0, 0, 0, 0, 0, 0, 0, 0, 0, 0, 0, 0, 0, 0, 0, 0, 0, 264.0, 424.0, 280.0, 422.0, 216.0, 442.0, 0, 0
350.0, 440.0, 286.0, 520.0, 250.0, 516.0, 224.0, 648.0, 296.0, 746.0, 322.0, 524.0, 0, 0, 0, 0, 0, 0, 0, 0, 0, 0, 0, 0, 0, 0, 0, 0, 336.0, 426.0, 358.0, 430.0, 290.0, 444.0, 0, 0
426.0, 440.0, 362.0, 514.0, 318.0, 518.0, 268.0, 630.0, 290.0, 760.0, 404.0, 510.0, 0, 0, 0, 0, 0, 0, 0, 0, 0, 0, 0, 0, 0, 0, 0, 0, 412.0, 424.0, 430.0, 426.0, 362.0, 434.0, 0, 0
476.0, 434.0, 426.0, 518.0, 358.0, 516.0, 302.0, 632.0, 270.0, 778.0, 480.0, 526.0, 0, 0, 0, 0, 0, 0, 0, 0, 0, 0, 0, 0, 0, 0, 0, 0, 456.0, 416.0, 484.0, 420.0, 412.0, 432.0, 0, 0
510.0, 432.0, 468.0, 534.0, 386.0, 524.0, 340.0, 646.0, 0, 0, 542.0, 540.0, 578.0, 678.0, 620.0, 782.0, 0, 0, 0, 0, 0, 0, 0, 0, 0, 0, 0, 0, 488.0, 406.0, 520.0, 412.0, 444.0, 426.0, 0, 0
536.0, 406.0, 504.0, 516.0, 418.0, 514.0, 0, 0, 0, 0, 590.0, 528.0, 0, 0, 0, 0, 0, 0, 0, 0, 0, 0, 0, 0, 0, 0, 0, 0, 514.0, 386.0, 550.0, 390.0, 474.0, 406.0, 0, 0
588.0, 396.0, 556.0, 524.0, 460.0, 520.0, 0, 0, 0, 0, 648.0, 542.0, 0, 0, 0, 0, 0, 0, 0, 0, 0, 0, 0, 0, 0, 0, 0, 0, 566.0, 378.0, 606.0, 384.0, 522.0, 398.0, 632.0, 402.0
660.0, 370.0, 612.0, 510.0, 500.0, 506.0, 0, 0, 0, 0, 0, 0, 0, 0, 0, 0, 0, 0, 0, 0, 0, 0, 0, 0, 0, 0, 0, 0, 632.0, 344.0, 676.0, 352.0, 576.0, 370.0, 0, 0
696.0, 342.0, 658.0, 496.0, 534.0, 498.0, 0, 0, 0, 0, 0, 0, 0, 0, 0, 0, 0, 0, 0, 0, 0, 0, 0, 0, 0, 0, 0, 0, 662.0, 318.0, 710.0, 326.0, 606.0, 352.0, 0, 0
220.0, 434.0, 292.0, 518.0, 0, 0, 0, 0, 0, 0, 230.0, 522.0, 0, 0, 0, 0, 0, 0, 0, 0, 0, 0, 0, 0, 0, 0, 0, 0, 0, 0, 226.0, 424.0, 0, 0, 252.0, 426.0
170.0, 434.0, 236.0, 526.0, 0, 0, 0, 0, 0, 0, 190.0, 526.0, 166.0, 650.0, 0, 0, 0, 0, 0, 0, 0, 0, 0, 0, 0, 0, 0, 0, 0, 0, 178.0, 426.0, 0, 0, 206.0, 438.0
104.0, 430.0, 184.0, 522.0, 0, 0, 0, 0, 0, 0, 154.0, 520.0, 0, 0, 0, 0, 214.0, 710.0, 0, 0, 0, 0, 188.0, 726.0, 0, 0, 0, 0, 0, 0, 116.0, 418.0, 0, 0, 156.0, 432.0
32.0, 426.0, 0, 0, 0, 0, 0, 0, 0, 0, 0, 0, 0, 0, 0, 0, 0, 0, 0, 0, 0, 0, 0, 0, 0, 0, 0, 0, 30.0, 416.0, 52.0, 416.0, 0, 0, 94.0, 434.0
106.0, 434.0, 0, 0, 0, 0, 0, 0, 0, 0, 0, 0, 0, 0, 0, 0, 0, 0, 0, 0, 0, 0, 0, 0, 0, 0, 0, 0, 88.0, 420.0, 114.0, 418.0, 50.0, 436.0, 0, 0
154.0, 426.0, 130.0, 494.0, 84.0, 490.0, 0, 0, 0, 0, 0, 0, 0, 0, 0, 0, 0, 0, 0, 0, 0, 0, 0, 0, 0, 0, 0, 0, 136.0, 414.0, 166.0, 414.0, 108.0, 430.0, 182.0, 424.0
222.0, 430.0, 208.0, 514.0, 154.0, 516.0, 128.0, 632.0, 192.0, 740.0, 256.0, 526.0, 0, 0, 0, 0, 0, 0, 0, 0, 0, 0, 0, 0, 0, 0, 0, 0, 206.0, 416.0, 236.0, 416.0, 182.0, 432.0, 258.0, 428.0
278.0, 428.0, 272.0, 516.0, 204.0, 512.0, 156.0, 624.0, 156.0, 764.0, 330.0, 524.0, 0, 0, 0, 0, 0, 0, 0, 0, 0, 0, 0, 0, 0, 0, 0, 0, 262.0, 414.0, 294.0, 414.0, 240.0, 426.0, 318.0, 424.0
308.0, 432.0, 312.0, 526.0, 234.0, 514.0, 184.0, 640.0, 150.0, 772.0, 380.0, 534.0, 0, 0, 0, 0, 0, 0, 0, 0, 0, 0, 0, 0, 0, 0, 0, 0, 294.0, 414.0, 326.0, 416.0, 276.0, 426.0, 356.0, 430.0
326.0, 414.0, 342.0, 518.0, 258.0, 512.0, 216.0, 640.0, 0, 0, 416.0, 528.0, 0, 0, 0, 0, 0, 0, 0, 0, 0, 0, 0, 0, 0, 0, 0, 0, 310.0, 398.0, 344.0, 396.0, 294.0, 416.0, 380.0, 410.0
354.0, 400.0, 374.0, 516.0, 286.0, 506.0, 242.0, 652.0, 266.0, 764.0, 456.0, 524.0, 0, 0, 0, 0, 0, 0, 0, 0, 0, 0, 0, 0, 0, 0, 0, 0, 338.0, 384.0, 378.0, 382.0, 322.0, 402.0, 416.0, 400.0
404.0, 388.0, 420.0, 510.0, 318.0, 508.0, 272.0, 650.0, 298.0, 796.0, 512.0, 532.0, 0, 0, 0, 0, 0, 0, 0, 0, 0, 0, 0, 0, 0, 0, 0, 0, 386.0, 370.0, 426.0, 368.0, 370.0, 384.0, 470.0, 384.0
446.0, 358.0, 456.0, 494.0, 350.0, 488.0, 288.0, 650.0, 260.0, 830.0, 554.0, 516.0, 0, 0, 0, 0, 0, 0, 0, 0, 0, 0, 0, 0, 0, 0, 0, 0, 426.0, 340.0, 472.0, 338.0, 406.0, 356.0, 520.0, 362.0
492.0, 350.0, 500.0, 500.0, 370.0, 496.0, 0, 0, 0, 0, 0, 0, 0, 0, 0, 0, 0, 0, 0, 0, 0, 0, 0, 0, 0, 0, 0, 0, 466.0, 330.0, 518.0, 330.0, 434.0, 352.0, 560.0, 352.0
546.0, 308.0, 536.0, 468.0, 410.0, 476.0, 0, 0, 0, 0, 656.0, 502.0, 0, 0, 0, 0, 0, 0, 0, 0, 0, 0, 0, 0, 0, 0, 0, 0, 518.0, 286.0, 574.0, 282.0, 474.0, 314.0, 614.0, 296.0
190.0, 442.0, 150.0, 510.0, 98.0, 516.0, 0, 0, 0, 0, 196.0, 520.0, 0, 0, 0, 0, 0, 0, 0, 0, 0, 0, 0, 0, 0, 0, 0, 0, 170.0, 428.0, 196.0, 426.0, 134.0, 444.0, 0, 0
236.0, 432.0, 216.0, 514.0, 152.0, 522.0, 118.0, 640.0, 0, 0, 258.0, 504.0, 0, 0, 0, 0, 176.0, 756.0, 0, 0, 0, 0, 0, 0, 0, 0, 0, 0, 212.0, 420.0, 244.0, 414.0, 184.0, 444.0, 0, 0
286.0, 424.0, 270.0, 516.0, 200.0, 516.0, 160.0, 634.0, 0, 0, 330.0, 522.0, 0, 0, 0, 0, 0, 0, 0, 0, 0, 0, 0, 0, 0, 0, 0, 0, 268.0, 410.0, 300.0, 410.0, 236.0, 430.0, 314.0, 424.0
354.0, 424.0, 332.0, 526.0, 260.0, 518.0, 212.0, 646.0, 222.0, 758.0, 396.0, 536.0, 0, 0, 0, 0, 0, 0, 0, 0, 0, 0, 0, 0, 0, 0, 0, 0, 334.0, 410.0, 368.0, 414.0, 304.0, 426.0, 380.0, 428.0
426.0, 412.0, 394.0, 520.0, 318.0, 508.0, 260.0, 626.0, 0, 0, 464.0, 530.0, 0, 0, 0, 0, 0, 0, 0, 0, 0, 0, 0, 0, 0, 0, 0, 0, 406.0, 396.0, 438.0, 398.0, 370.0, 416.0, 450.0, 414.0
470.0, 402.0, 444.0, 522.0, 358.0, 508.0, 302.0, 638.0, 272.0, 794.0, 524.0, 538.0, 0, 0, 0, 0, 0, 0, 0, 0, 0, 0, 0, 0, 0, 0, 0, 0, 448.0, 386.0, 486.0, 388.0, 414.0, 406.0, 502.0, 400.0
508.0, 392.0, 480.0, 524.0, 390.0, 514.0, 336.0, 654.0, 318.0, 812.0, 574.0, 538.0, 0, 0, 0, 0, 0, 0, 0, 0, 0, 0, 0, 0, 0, 0, 0, 0, 484.0, 376.0, 524.0, 376.0, 450.0, 402.0, 548.0, 388.0
552.0, 364.0, 530.0, 508.0, 430.0, 502.0, 0, 0, 0, 0, 628.0, 520.0, 0, 0, 0, 0, 0, 0, 0, 0, 0, 0, 0, 0, 0, 0, 0, 0, 528.0, 348.0, 572.0, 350.0, 490.0, 374.0, 596.0, 362.0
618.0, 356.0, 586.0, 504.0, 484.0, 498.0, 0, 0, 0, 0, 698.0, 528.0, 0, 0, 0, 0, 0, 0, 0, 0, 0, 0, 0, 0, 0, 0, 0, 0, 590.0, 338.0, 638.0, 340.0, 544.0, 362.0, 666.0, 352.0
706.0, 328.0, 660.0, 478.0, 538.0, 480.0, 0, 0, 0, 0, 0, 0, 0, 0, 0, 0, 0, 0, 0, 0, 0, 0, 0, 0, 0, 0, 0, 0, 674.0, 304.0, 710.0, 318.0, 618.0, 330.0, 0, 0
260.0, 430.0, 326.0, 524.0, 398.0, 534.0, 0, 0, 0, 0, 260.0, 524.0, 0, 0, 0, 0, 0, 0, 0, 0, 0, 0, 0, 0, 0, 0, 0, 0, 0, 0, 268.0, 422.0, 0, 0, 296.0, 434.0
230.0, 430.0, 298.0, 520.0, 364.0, 538.0, 0, 0, 0, 0, 244.0, 516.0, 0, 0, 0, 0, 0, 0, 0, 0, 0, 0, 0, 0, 0, 0, 0, 0, 0, 0, 238.0, 420.0, 0, 0, 274.0, 432.0
196.0, 434.0, 264.0, 530.0, 310.0, 538.0, 0, 0, 0, 0, 218.0, 526.0, 176.0, 634.0, 0, 0, 0, 0, 0, 0, 0, 0, 0, 0, 0, 0, 0, 0, 0, 0, 208.0, 424.0, 0, 0, 244.0, 440.0
154.0, 430.0, 216.0, 520.0, 232.0, 512.0, 0, 0, 0, 0, 186.0, 516.0, 162.0, 614.0, 0, 0, 240.0, 708.0, 0, 0, 0, 0, 180.0, 720.0, 0, 0, 0, 0, 0, 0, 168.0, 420.0, 0, 0, 204.0, 436.0
90.0, 430.0, 128.0, 512.0, 84.0, 492.0, 0, 0, 0, 0, 170.0, 528.0, 0, 0, 0, 0, 0, 0, 0, 0, 0, 0, 0, 0, 0, 0, 0, 0, 0, 0, 108.0, 418.0, 0, 0, 148.0, 438.0
200.0, 432.0, 148.0, 506.0, 120.0, 510.0, 0, 0, 0, 0, 178.0, 496.0, 0, 0, 0, 0, 154.0, 592.0, 0, 0, 0, 0, 164.0, 596.0, 0, 0, 0, 0, 184.0, 420.0, 200.0, 418.0, 142.0, 440.0, 0, 0
260.0, 436.0, 204.0, 518.0, 162.0, 520.0, 124.0, 614.0, 160.0, 742.0, 238.0, 514.0, 0, 0, 0, 0, 0, 0, 0, 0, 0, 0, 0, 0, 0, 0, 0, 0, 242.0, 422.0, 266.0, 422.0, 202.0, 436.0, 0, 0
298.0, 434.0, 264.0, 518.0, 200.0, 518.0, 150.0, 620.0, 138.0, 758.0, 314.0, 528.0, 0, 0, 0, 0, 192.0, 734.0, 0, 0, 0, 0, 0, 0, 0, 0, 0, 0, 278.0, 420.0, 308.0, 422.0, 244.0, 434.0, 0, 0
318.0, 434.0, 300.0, 532.0, 228.0, 522.0, 178.0, 644.0, 168.0, 764.0, 366.0, 542.0, 392.0, 622.0, 0, 0, 0, 0, 0, 0, 0, 0, 0, 0, 0, 0, 0, 0, 302.0, 420.0, 334.0, 420.0, 274.0, 438.0, 350.0, 430.0
342.0, 422.0, 336.0, 520.0, 256.0, 514.0, 212.0, 638.0, 214.0, 762.0, 404.0, 528.0, 434.0, 650.0, 464.0, 770.0, 0, 0, 0, 0, 0, 0, 0, 0, 0, 0, 0, 0, 324.0, 408.0, 358.0, 406.0, 300.0, 424.0, 380.0, 422.0
384.0, 418.0, 376.0, 522.0, 292.0, 516.0, 246.0, 642.0, 264.0, 766.0, 454.0, 530.0, 470.0, 662.0, 496.0, 788.0, 0, 0, 0, 0, 0, 0, 0, 0, 0, 0, 0, 0, 366.0, 402.0, 402.0, 404.0, 340.0, 416.0, 424.0, 418.0
452.0, 404.0, 428.0, 518.0, 340.0, 512.0, 284.0, 644.0, 302.0, 784.0, 510.0, 542.0, 0, 0, 0, 0, 0, 0, 0, 0, 0, 0, 0, 0, 0, 0, 0, 0, 432.0, 388.0, 470.0, 390.0, 400.0, 410.0, 494.0, 398.0
496.0, 388.0, 470.0, 500.0, 374.0, 498.0, 322.0, 646.0, 312.0, 814.0, 562.0, 524.0, 0, 0, 0, 0, 0, 0, 0, 0, 0, 0, 0, 0, 0, 0, 0, 0, 474.0, 366.0, 518.0, 370.0, 440.0, 382.0, 540.0, 380.0
532.0, 380.0, 514.0, 514.0, 406.0, 508.0, 344.0, 682.0, 310.0, 858.0, 616.0, 530.0, 0, 0, 0, 0, 0, 0, 0, 0, 0, 0, 0, 0, 0, 0, 0, 0, 506.0, 358.0, 554.0, 360.0, 468.0, 378.0, 580.0, 376.0
582.0, 342.0, 550.0, 492.0, 438.0, 496.0, 0, 0, 0, 0, 670.0, 504.0, 0, 0, 0, 0, 0, 0, 0, 0, 0, 0, 0, 0, 0, 0, 0, 0, 554.0, 318.0, 608.0, 320.0, 504.0, 346.0, 636.0, 334.0
246.0, 434.0, 194.0, 510.0, 162.0, 514.0, 136.0, 628.0, 200.0, 752.0, 222.0, 504.0, 0, 0, 0, 0, 0, 0, 0, 0, 0, 0, 0, 0, 0, 0, 0, 0, 224.0, 422.0, 248.0, 420.0, 186.0, 442.0, 0, 0
282.0, 436.0, 248.0, 518.0, 190.0, 526.0, 156.0, 630.0, 0, 0, 296.0, 526.0, 0, 0, 0, 0, 0, 0, 0, 0, 0, 0, 0, 0, 0, 0, 0, 0, 260.0, 422.0, 288.0, 420.0, 224.0, 438.0, 0, 0
308.0, 428.0, 296.0, 526.0, 224.0, 520.0, 180.0, 636.0, 188.0, 774.0, 354.0, 530.0, 386.0, 672.0, 418.0, 742.0, 0, 0, 0, 0, 0, 0, 0, 0, 0, 0, 0, 0, 288.0, 414.0, 318.0, 412.0, 260.0, 432.0, 338.0, 418.0
356.0, 426.0, 340.0, 524.0, 264.0, 518.0, 220.0, 656.0, 242.0, 772.0, 408.0, 532.0, 420.0, 664.0, 442.0, 772.0, 0, 0, 0, 0, 0, 0, 0, 0, 0, 0, 0, 0, 334.0, 410.0, 368.0, 410.0, 308.0, 428.0, 384.0, 422.0
426.0, 424.0, 398.0, 530.0, 318.0, 522.0, 0, 0, 0, 0, 464.0, 534.0, 0, 0, 0, 0, 0, 0, 0, 0, 0, 0, 0, 0, 0, 0, 0, 0, 404.0, 406.0, 442.0, 408.0, 370.0, 422.0, 0, 0
470.0, 396.0, 446.0, 516.0, 358.0, 504.0, 0, 0, 0, 0, 530.0, 540.0, 0, 0, 0, 0, 0, 0, 0, 0, 0, 0, 0, 0, 0, 0, 0, 0, 450.0, 378.0, 492.0, 382.0, 418.0, 398.0, 516.0, 394.0
498.0, 388.0, 488.0, 516.0, 382.0, 510.0, 0, 0, 0, 0, 584.0, 528.0, 0, 0, 0, 0, 0, 0, 0, 0, 0, 0, 0, 0, 0, 0, 0, 0, 476.0, 370.0, 520.0, 370.0, 442.0, 392.0, 548.0, 384.0
524.0, 358.0, 510.0, 500.0, 406.0, 498.0, 0, 0, 0, 0, 0, 0, 0, 0, 0, 0, 0, 0, 0, 0, 0, 0, 0, 0, 0, 0, 0, 0, 502.0, 338.0, 550.0, 340.0, 466.0, 370.0, 582.0, 358.0
582.0, 328.0, 562.0, 482.0, 446.0, 480.0, 0, 0, 0, 0, 676.0, 512.0, 0, 0, 0, 0, 0, 0, 0, 0, 0, 0, 0, 0, 0, 0, 0, 0, 550.0, 308.0, 608.0, 308.0, 510.0, 340.0, 642.0, 322.0
672.0, 308.0, 658.0, 490.0, 512.0, 482.0, 0, 0, 0, 0, 0, 0, 0, 0, 0, 0, 0, 0, 0, 0, 0, 0, 0, 0, 0, 0, 0, 0, 640.0, 286.0, 700.0, 284.0, 582.0, 310.0, 0, 0
0, 0, 302.0, 530.0, 366.0, 534.0, 0, 0, 0, 0, 224.0, 532.0, 0, 0, 0, 0, 0, 0, 0, 0, 0, 0, 0, 0, 0, 0, 0, 0, 0, 0, 0, 0, 0, 0, 248.0, 438.0
184.0, 440.0, 260.0, 524.0, 318.0, 526.0, 0, 0, 0, 0, 206.0, 526.0, 0, 0, 0, 0, 0, 0, 0, 0, 0, 0, 0, 0, 0, 0, 0, 0, 0, 0, 192.0, 432.0, 0, 0, 218.0, 438.0
140.0, 436.0, 220.0, 520.0, 262.0, 520.0, 0, 0, 0, 0, 178.0, 528.0, 0, 0, 0, 0, 0, 0, 0, 0, 0, 0, 252.0, 724.0, 0, 0, 0, 0, 0, 0, 150.0, 426.0, 0, 0, 174.0, 434.0
86.0, 442.0, 148.0, 518.0, 128.0, 508.0, 0, 0, 0, 0, 184.0, 526.0, 0, 0, 0, 0, 0, 0, 0, 0, 0, 0, 0, 0, 0, 0, 0, 0, 0, 0, 94.0, 434.0, 0, 0, 126.0, 440.0
182.0, 438.0, 132.0, 504.0, 102.0, 518.0, 0, 0, 0, 0, 174.0, 490.0, 0, 0, 0, 0, 0, 0, 0, 0, 0, 0, 0, 0, 0, 0, 0, 0, 168.0, 424.0, 180.0, 424.0, 122.0, 444.0, 0, 0
262.0, 442.0, 198.0, 520.0, 178.0, 520.0, 0, 0, 0, 0, 230.0, 518.0, 0, 0, 0, 0, 0, 0, 0, 0, 0, 0, 0, 0, 0, 0, 0, 0, 250.0, 428.0, 0, 0, 202.0, 446.0, 0, 0
338.0, 436.0, 282.0, 514.0, 246.0, 518.0, 212.0, 638.0, 252.0, 768.0, 316.0, 512.0, 0, 0, 0, 0, 0, 0, 0, 0, 0, 0, 0, 0, 0, 0, 0, 0, 322.0, 422.0, 342.0, 420.0, 276.0, 438.0, 0, 0
382.0, 434.0, 342.0, 520.0, 280.0, 524.0, 222.0, 640.0, 200.0, 778.0, 392.0, 522.0, 0, 0, 0, 0, 268.0, 752.0, 0, 0, 0, 0, 0, 0, 0, 0, 0, 0, 360.0, 418.0, 390.0, 416.0, 322.0, 434.0, 0, 0
412.0, 420.0, 388.0, 526.0, 312.0, 522.0, 264.0, 642.0, 0, 0, 460.0, 530.0, 0, 0, 0, 0, 0, 0, 0, 0, 0, 0, 0, 0, 0, 0, 0, 0, 390.0, 406.0, 422.0, 406.0, 354.0, 428.0, 0, 0
450.0, 404.0, 430.0, 520.0, 348.0, 516.0, 0, 0, 0, 0, 510.0, 532.0, 0, 0, 0, 0, 0, 0, 0, 0, 0, 0, 0, 0, 0, 0, 0, 0, 426.0, 390.0, 462.0, 388.0, 390.0, 414.0, 0, 0
504.0, 400.0, 474.0, 524.0, 388.0, 518.0, 350.0, 604.0, 0, 0, 554.0, 534.0, 0, 0, 0, 0, 0, 0, 0, 0, 0, 0, 0, 0, 0, 0, 0, 0, 480.0, 382.0, 520.0, 386.0, 438.0, 406.0, 532.0, 398.0
558.0, 374.0, 520.0, 508.0, 420.0, 496.0, 368.0, 640.0, 0, 0, 614.0, 528.0, 0, 0, 0, 0, 0, 0, 0, 0, 0, 0, 0, 0, 0, 0, 0, 0, 532.0, 354.0, 576.0, 360.0, 488.0, 378.0, 594.0, 376.0
576.0, 352.0, 552.0, 500.0, 436.0, 498.0, 0, 0, 0, 0, 664.0, 520.0, 0, 0, 0, 0, 0, 0, 0, 0, 0, 0, 0, 0, 0, 0, 0, 0, 548.0, 332.0, 596.0, 334.0, 506.0, 368.0, 626.0, 356.0
582.0, 328.0, 560.0, 496.0, 432.0, 504.0, 0, 0, 0, 0, 0, 0, 0, 0, 0, 0, 0, 0, 0, 0, 0, 0, 0, 0, 0, 0, 0, 0, 552.0, 304.0, 608.0, 302.0, 508.0, 346.0, 640.0, 338.0
616.0, 280.0, 596.0, 468.0, 444.0, 470.0, 0, 0, 0, 0, 0, 0, 0, 0, 0, 0, 0, 0, 0, 0, 0, 0, 0, 0, 0, 0, 0, 0, 584.0, 254.0, 648.0, 254.0, 532.0, 298.0, 692.0, 286.0
206.0, 434.0, 292.0, 518.0, 348.0, 524.0, 0, 0, 0, 0, 220.0, 520.0, 0, 0, 0, 0, 0, 0, 0, 0, 0, 0, 0, 0, 0, 0, 0, 0, 0, 0, 214.0, 422.0, 0, 0, 244.0, 426.0
162.0, 434.0, 240.0, 520.0, 206.0, 520.0, 0, 0, 0, 0, 192.0, 524.0, 0, 0, 0, 0, 0, 0, 0, 0, 0, 0, 0, 0, 0, 0, 0, 0, 0, 0, 170.0, 424.0, 0, 0, 206.0, 434.0
108.0, 440.0, 184.0, 520.0, 154.0, 508.0, 146.0, 642.0, 0, 0, 216.0, 524.0, 0, 0, 0, 0, 0, 0, 0, 0, 0, 0, 0, 0, 0, 0, 0, 0, 0, 0, 118.0, 428.0, 0, 0, 162.0, 434.0
48.0, 434.0, 124.0, 508.0, 114.0, 504.0, 0, 0, 0, 0, 140.0, 510.0, 0, 0, 0, 0, 0, 0, 0, 0, 0, 0, 0, 0, 0, 0, 0, 0, 42.0, 422.0, 66.0, 422.0, 0, 0, 108.0, 432.0
204.0, 446.0, 146.0, 506.0, 124.0, 514.0, 0, 0, 0, 0, 0, 0, 0, 0, 0, 0, 0, 0, 0, 0, 0, 0, 0, 0, 0, 0, 0, 0, 198.0, 434.0, 0, 0, 164.0, 448.0, 0, 0
280.0, 442.0, 202.0, 514.0, 182.0, 516.0, 0, 0, 0, 0, 226.0, 514.0, 0, 0, 0, 0, 0, 0, 0, 0, 0, 0, 0, 0, 0, 0, 0, 0, 272.0, 430.0, 0, 0, 234.0, 440.0, 0, 0
340.0, 442.0, 268.0, 514.0, 222.0, 516.0, 176.0, 634.0, 186.0, 774.0, 302.0, 506.0, 0, 0, 0, 0, 222.0, 748.0, 0, 0, 0, 0, 0, 0, 0, 0, 0, 0, 332.0, 432.0, 0, 0, 294.0, 438.0, 0, 0
380.0, 444.0, 312.0, 526.0, 250.0, 530.0, 204.0, 648.0, 200.0, 792.0, 360.0, 528.0, 392.0, 664.0, 440.0, 742.0, 254.0, 768.0, 0, 0, 0, 0, 0, 0, 0, 0, 0, 0, 368.0, 428.0, 0, 0, 318.0, 434.0, 0, 0
390.0, 424.0, 350.0, 524.0, 276.0, 524.0, 234.0, 662.0, 0, 0, 414.0, 526.0, 0, 0, 0, 0, 0, 0, 0, 0, 0, 0, 0, 0, 0, 0, 0, 0, 370.0, 406.0, 398.0, 408.0, 324.0, 424.0, 0, 0
424.0, 416.0, 394.0, 526.0, 312.0, 524.0, 262.0, 662.0, 292.0, 784.0, 464.0, 530.0, 0, 0, 0, 0, 0, 0, 0, 0, 0, 0, 0, 0, 0, 0, 0, 0, 400.0, 396.0, 436.0, 398.0, 360.0, 418.0, 0, 0
480.0, 400.0, 442.0, 522.0, 348.0, 512.0, 298.0, 646.0, 294.0, 812.0, 522.0, 540.0, 0, 0, 0, 0, 0, 0, 0, 0, 0, 0, 0, 0, 0, 0, 0, 0, 456.0, 380.0, 494.0, 382.0, 414.0, 400.0, 0, 0
502.0, 376.0, 472.0, 504.0, 370.0, 500.0, 310.0, 648.0, 286.0, 820.0, 570.0, 522.0, 0, 0, 0, 0, 0, 0, 0, 0, 0, 0, 0, 0, 0, 0, 0, 0, 478.0, 356.0, 520.0, 358.0, 438.0, 384.0, 542.0, 372.0
522.0, 370.0, 500.0, 514.0, 382.0, 514.0, 328.0, 686.0, 290.0, 870.0, 612.0, 530.0, 0, 0, 0, 0, 0, 0, 0, 0, 0, 0, 0, 0, 0, 0, 0, 0, 494.0, 348.0, 542.0, 350.0, 456.0, 382.0, 570.0, 364.0
552.0, 326.0, 524.0, 490.0, 404.0, 492.0, 0, 0, 0, 0, 0, 0, 0, 0, 0, 0, 0, 0, 0, 0, 0, 0, 0, 0, 0, 0, 0, 0, 524.0, 304.0, 578.0, 304.0, 482.0, 342.0, 612.0, 318.0
626.0, 302.0, 590.0, 480.0, 456.0, 478.0, 0, 0, 0, 0, 0, 0, 0, 0, 0, 0, 0, 0, 0, 0, 0, 0, 0, 0, 0, 0, 0, 0, 590.0, 278.0, 652.0, 278.0, 532.0, 310.0, 694.0, 290.0
210.0, 432.0, 160.0, 506.0, 124.0, 510.0, 0, 0, 0, 0, 192.0, 502.0, 0, 0, 0, 0, 0, 0, 0, 0, 0, 0, 0, 0, 0, 0, 0, 0, 190.0, 418.0, 210.0, 418.0, 150.0, 438.0, 0, 0
270.0, 434.0, 226.0, 512.0, 176.0, 518.0, 148.0, 634.0, 204.0, 754.0, 268.0, 512.0, 0, 0, 0, 0, 0, 0, 0, 0, 0, 0, 0, 0, 0, 0, 0, 0, 248.0, 416.0, 276.0, 416.0, 210.0, 434.0, 0, 0
312.0, 426.0, 278.0, 516.0, 208.0, 514.0, 164.0, 624.0, 152.0, 770.0, 338.0, 522.0, 0, 0, 0, 0, 0, 0, 0, 0, 0, 0, 0, 0, 0, 0, 0, 0, 292.0, 410.0, 324.0, 412.0, 256.0, 424.0, 0, 0
330.0, 426.0, 310.0, 530.0, 232.0, 520.0, 180.0, 642.0, 148.0, 784.0, 384.0, 540.0, 422.0, 672.0, 456.0, 772.0, 0, 0, 0, 0, 0, 0, 0, 0, 0, 0, 0, 0, 310.0, 410.0, 344.0, 412.0, 280.0, 428.0, 364.0, 422.0
350.0, 408.0, 334.0, 518.0, 250.0, 508.0, 202.0, 642.0, 190.0, 794.0, 414.0, 526.0, 448.0, 664.0, 470.0, 778.0, 0, 0, 0, 0, 0, 0, 0, 0, 0, 0, 0, 0, 330.0, 390.0, 366.0, 394.0, 300.0, 410.0, 386.0, 406.0
392.0, 398.0, 368.0, 512.0, 278.0, 506.0, 228.0, 666.0, 252.0, 798.0, 454.0, 526.0, 472.0, 664.0, 498.0, 806.0, 0, 0, 0, 0, 0, 0, 0, 0, 0, 0, 0, 0, 368.0, 380.0, 408.0, 382.0, 334.0, 402.0, 424.0, 400.0
456.0, 390.0, 420.0, 514.0, 326.0, 510.0, 0, 0, 0, 0, 512.0, 544.0, 0, 0, 0, 0, 0, 0, 0, 0, 0, 0, 0, 0, 0, 0, 0, 0, 434.0, 368.0, 474.0, 372.0, 390.0, 390.0, 488.0, 384.0
510.0, 360.0, 468.0, 502.0, 362.0, 486.0, 0, 0, 0, 0, 570.0, 522.0, 0, 0, 0, 0, 0, 0, 0, 0, 0, 0, 0, 0, 0, 0, 0, 0, 484.0, 334.0, 530.0, 342.0, 438.0, 362.0, 548.0, 356.0
548.0, 348.0, 504.0, 498.0, 390.0, 494.0, 328.0, 678.0, 0, 0, 626.0, 512.0, 0, 0, 0, 0, 0, 0, 0, 0, 0, 0, 0, 0, 0, 0, 0, 0, 518.0, 322.0, 570.0, 326.0, 468.0, 352.0, 590.0, 346.0
594.0, 318.0, 552.0, 484.0, 408.0, 494.0, 0, 0, 0, 0, 0, 0, 0, 0, 0, 0, 0, 0, 0, 0, 0, 0, 0, 0, 0, 0, 0, 0, 556.0, 286.0, 614.0, 288.0, 500.0, 320.0, 642.0, 296.0
226.0, 422.0, 294.0, 516.0, 344.0, 516.0, 0, 0, 0, 0, 234.0, 520.0, 0, 0, 0, 0, 0, 0, 0, 0, 0, 0, 0, 0, 0, 0, 0, 0, 0, 0, 234.0, 414.0, 0, 0, 254.0, 424.0
180.0, 432.0, 246.0, 530.0, 292.0, 530.0, 0, 0, 0, 0, 196.0, 532.0, 176.0, 652.0, 124.0, 744.0, 0, 0, 0, 0, 0, 0, 0, 0, 0, 0, 0, 0, 0, 0, 190.0, 424.0, 0, 0, 212.0, 436.0
116.0, 434.0, 196.0, 516.0, 198.0, 506.0, 0, 0, 0, 0, 220.0, 518.0, 0, 0, 0, 0, 0, 0, 0, 0, 0, 0, 194.0, 734.0, 0, 0, 0, 0, 0, 0, 126.0, 422.0, 0, 0, 170.0, 438.0
52.0, 430.0, 102.0, 502.0, 0, 0, 0, 0, 0, 0, 142.0, 514.0, 0, 0, 0, 0, 0, 0, 0, 0, 0, 0, 0, 0, 0, 0, 0, 0, 46.0, 420.0, 72.0, 422.0, 0, 0, 112.0, 440.0
160.0, 432.0, 120.0, 508.0, 56.0, 508.0, 0, 0, 0, 0, 154.0, 498.0, 0, 0, 0, 0, 0, 0, 0, 0, 0, 0, 0, 0, 0, 0, 0, 0, 144.0, 422.0, 158.0, 420.0, 100.0, 442.0, 0, 0
226.0, 438.0, 176.0, 510.0, 142.0, 514.0, 132.0, 644.0, 204.0, 734.0, 206.0, 502.0, 0, 0, 0, 0, 0, 0, 0, 0, 0, 0, 0, 0, 0, 0, 0, 0, 206.0, 422.0, 228.0, 422.0, 166.0, 442.0, 0, 0
300.0, 434.0, 258.0, 512.0, 208.0, 518.0, 170.0, 632.0, 222.0, 750.0, 296.0, 500.0, 0, 0, 0, 0, 0, 0, 0, 0, 0, 0, 0, 0, 0, 0, 0, 0, 282.0, 422.0, 306.0, 420.0, 240.0, 436.0, 0, 0
342.0, 430.0, 318.0, 518.0, 250.0, 516.0, 200.0, 628.0, 0, 0, 378.0, 526.0, 0, 0, 0, 0, 0, 0, 0, 0, 0, 0, 0, 0, 0, 0, 0, 0, 324.0, 414.0, 356.0, 414.0, 292.0, 430.0, 372.0, 426.0
368.0, 432.0, 354.0, 530.0, 276.0, 524.0, 224.0, 642.0, 184.0, 780.0, 426.0, 540.0, 468.0, 660.0, 0, 0, 0, 0, 0, 0, 0, 0, 0, 0, 0, 0, 0, 0, 348.0, 416.0, 382.0, 416.0, 320.0, 432.0, 402.0, 430.0
390.0, 406.0, 384.0, 520.0, 298.0, 514.0, 250.0, 644.0, 228.0, 788.0, 462.0, 530.0, 502.0, 664.0, 540.0, 770.0, 0, 0, 0, 0, 0, 0, 0, 0, 0, 0, 0, 0, 372.0, 390.0, 408.0, 392.0, 344.0, 416.0, 432.0, 406.0
434.0, 394.0, 422.0, 514.0, 332.0, 514.0, 284.0, 654.0, 306.0, 804.0, 506.0, 528.0, 526.0, 670.0, 554.0, 808.0, 0, 0, 0, 0, 0, 0, 0, 0, 0, 0, 0, 0, 414.0, 378.0, 454.0, 378.0, 384.0, 396.0, 478.0, 390.0
508.0, 384.0, 472.0, 518.0, 376.0, 516.0, 0, 0, 0, 0, 562.0, 534.0, 0, 0, 0, 0, 0, 0, 0, 0, 0, 0, 0, 0, 0, 0, 0, 0, 484.0, 366.0, 524.0, 370.0, 442.0, 390.0, 542.0, 386.0
570.0, 356.0, 522.0, 498.0, 422.0, 488.0, 0, 0, 0, 0, 626.0, 520.0, 0, 0, 0, 0, 0, 0, 0, 0, 0, 0, 0, 0, 0, 0, 0, 0, 544.0, 332.0, 590.0, 340.0, 494.0, 354.0, 608.0, 356.0
616.0, 344.0, 568.0, 502.0, 456.0, 494.0, 0, 0, 0, 0, 688.0, 532.0, 0, 0, 0, 0, 0, 0, 0, 0, 0, 0, 0, 0, 0, 0, 0, 0, 586.0, 320.0, 640.0, 324.0, 534.0, 350.0, 666.0, 344.0
672.0, 300.0, 634.0, 482.0, 0, 0, 0, 0, 0, 0, 0, 0, 0, 0, 0, 0, 0, 0, 0, 0, 0, 0, 0, 0, 0, 0, 0, 0, 638.0, 270.0, 698.0, 272.0, 576.0, 308.0, 0, 0
0, 0, 314.0, 518.0, 388.0, 516.0, 0, 0, 0, 0, 244.0, 520.0, 0, 0, 0, 0, 0, 0, 0, 0, 0, 0, 0, 0, 0, 0, 0, 0, 0, 0, 0, 0, 0, 0, 268.0, 420.0
0, 0, 270.0, 526.0, 328.0, 526.0, 0, 0, 0, 0, 208.0, 532.0, 0, 0, 0, 0, 0, 0, 0, 0, 0, 0, 0, 0, 0, 0, 0, 0, 0, 0, 0, 0, 0, 0, 228.0, 436.0
146.0, 430.0, 222.0, 522.0, 272.0, 526.0, 0, 0, 0, 0, 172.0, 522.0, 164.0, 640.0, 0, 0, 0, 0, 0, 0, 0, 0, 0, 0, 0, 0, 0, 0, 0, 0, 156.0, 422.0, 0, 0, 184.0, 432.0
76.0, 432.0, 122.0, 512.0, 0, 0, 0, 0, 0, 0, 162.0, 518.0, 0, 0, 0, 0, 0, 0, 0, 0, 0, 0, 0, 0, 0, 0, 0, 0, 0, 0, 86.0, 422.0, 0, 0, 126.0, 434.0
184.0, 434.0, 132.0, 508.0, 112.0, 530.0, 122.0, 622.0, 192.0, 762.0, 164.0, 496.0, 0, 0, 0, 0, 0, 0, 0, 0, 0, 0, 0, 0, 0, 0, 0, 0, 174.0, 422.0, 0, 0, 126.0, 438.0, 0, 0
234.0, 436.0, 174.0, 504.0, 146.0, 508.0, 134.0, 632.0, 0, 0, 204.0, 502.0, 0, 0, 0, 0, 0, 0, 0, 0, 0, 0, 0, 0, 0, 0, 0, 0, 218.0, 422.0, 234.0, 420.0, 174.0, 436.0, 0, 0
270.0, 434.0, 230.0, 522.0, 178.0, 532.0, 142.0, 644.0, 152.0, 788.0, 274.0, 522.0, 0, 0, 0, 0, 0, 0, 0, 0, 0, 0, 0, 0, 0, 0, 0, 0, 250.0, 420.0, 276.0, 418.0, 212.0, 440.0, 0, 0
304.0, 420.0, 284.0, 522.0, 218.0, 522.0, 180.0, 658.0, 196.0, 786.0, 342.0, 524.0, 0, 0, 0, 0, 238.0, 768.0, 0, 0, 0, 0, 0, 0, 0, 0, 0, 0, 280.0, 408.0, 312.0, 406.0, 246.0, 430.0, 0, 0
338.0, 412.0, 330.0, 522.0, 248.0, 520.0, 220.0, 656.0, 258.0, 768.0, 400.0, 528.0, 0, 0, 0, 0, 0, 0, 0, 0, 0, 0, 0, 0, 0, 0, 0, 0, 318.0, 400.0, 352.0, 398.0, 288.0, 424.0, 370.0, 414.0
392.0, 412.0, 376.0, 524.0, 296.0, 522.0, 254.0, 606.0, 0, 0, 456.0, 532.0, 0, 0, 0, 0, 0, 0, 0, 0, 0, 0, 0, 0, 0, 0, 0, 0, 372.0, 398.0, 410.0, 400.0, 340.0, 420.0, 428.0, 416.0
446.0, 392.0, 422.0, 516.0, 330.0, 506.0, 282.0, 642.0, 264.0, 808.0, 508.0, 532.0, 0, 0, 0, 0, 0, 0, 0, 0, 0, 0, 0, 0, 0, 0, 0, 0, 426.0, 374.0, 466.0, 378.0, 392.0, 394.0, 488.0, 390.0
474.0, 384.0, 458.0, 516.0, 356.0, 510.0, 300.0, 660.0, 258.0, 822.0, 558.0, 530.0, 0, 0, 0, 0, 0, 0, 0, 0, 0, 0, 0, 0, 0, 0, 0, 0, 450.0, 366.0, 496.0, 370.0, 418.0, 384.0, 522.0, 390.0
500.0, 360.0, 484.0, 502.0, 370.0, 504.0, 316.0, 674.0, 282.0, 858.0, 588.0, 520.0, 0, 0, 0, 0, 0, 0, 0, 0, 0, 0, 0, 0, 0, 0, 0, 0, 476.0, 338.0, 524.0, 342.0, 436.0, 370.0, 552.0, 362.0
554.0, 328.0, 520.0, 492.0, 400.0, 482.0, 0, 0, 0, 0, 638.0, 506.0, 0, 0, 0, 0, 0, 0, 0, 0, 0, 0, 0, 0, 0, 0, 0, 0, 524.0, 306.0, 578.0, 310.0, 476.0, 334.0, 604.0, 324.0
646.0, 318.0, 560.0, 488.0, 478.0, 484.0, 0, 0, 0, 0, 0, 0, 0, 0, 0, 0, 0, 0, 0, 0, 0, 0, 0, 0, 0, 0, 0, 0, 608.0, 290.0, 672.0, 298.0, 544.0, 320.0, 702.0, 306.0
218.0, 434.0, 290.0, 522.0, 0, 0, 0, 0, 0, 0, 230.0, 520.0, 0, 0, 0, 0, 0, 0, 0, 0, 0, 0, 0, 0, 0, 0, 0, 0, 0, 0, 226.0, 426.0, 0, 0, 254.0, 432.0
158.0, 434.0, 230.0, 524.0, 0, 0, 0, 0, 0, 0, 202.0, 528.0, 184.0, 642.0, 122.0, 746.0, 0, 0, 0, 0, 0, 0, 186.0, 768.0, 0, 0, 0, 0, 0, 0, 168.0, 424.0, 0, 0, 202.0, 436.0
92.0, 428.0, 122.0, 512.0, 0, 0, 0, 0, 0, 0, 170.0, 520.0, 0, 0, 0, 0, 0, 0, 0, 0, 0, 0, 0, 0, 0, 0, 0, 0, 0, 0, 108.0, 424.0, 0, 0, 130.0, 438.0
14.0, 424.0, 56.0, 474.0, 0, 0, 0, 0, 0, 0, 0, 0, 0, 0, 0, 0, 0, 0, 0, 0, 0, 0, 0, 0, 0, 0, 0, 0, 0, 0, 26.0, 414.0, 0, 0, 70.0, 430.0
102.0, 426.0, 44.0, 472.0, 0, 0, 0, 0, 0, 0, 86.0, 472.0, 0, 0, 0, 0, 0, 0, 0, 0, 0, 0, 0, 0, 0, 0, 0, 0, 84.0, 412.0, 0, 0, 32.0, 430.0, 0, 0
160.0, 430.0, 122.0, 514.0, 0, 0, 0, 0, 0, 0, 160.0, 500.0, 0, 0, 0, 0, 0, 0, 0, 0, 0, 0, 0, 0, 0, 0, 0, 0, 138.0, 418.0, 160.0, 416.0, 98.0, 444.0, 0, 0
214.0, 426.0, 180.0, 510.0, 136.0, 522.0, 0, 0, 0, 0, 214.0, 500.0, 0, 0, 0, 0, 154.0, 760.0, 0, 0, 0, 0, 0, 0, 0, 0, 0, 0, 192.0, 414.0, 214.0, 410.0, 154.0, 440.0, 0, 0
282.0, 432.0, 256.0, 516.0, 202.0, 526.0, 168.0, 630.0, 0, 0, 302.0, 510.0, 0, 0, 0, 0, 0, 0, 0, 0, 0, 0, 0, 0, 0, 0, 0, 0, 256.0, 418.0, 284.0, 416.0, 222.0, 438.0, 0, 0
362.0, 428.0, 338.0, 520.0, 274.0, 524.0, 234.0, 638.0, 260.0, 764.0, 394.0, 522.0, 0, 0, 0, 0, 0, 0, 0, 0, 0, 0, 0, 0, 0, 0, 0, 0, 340.0, 416.0, 370.0, 414.0, 308.0, 432.0, 0, 0
414.0, 422.0, 394.0, 520.0, 324.0, 518.0, 272.0, 646.0, 276.0, 776.0, 462.0, 530.0, 0, 0, 0, 0, 0, 0, 0, 0, 0, 0, 0, 0, 0, 0, 0, 0, 394.0, 408.0, 428.0, 410.0, 366.0, 424.0, 444.0, 428.0
448.0, 422.0, 440.0, 536.0, 360.0, 526.0, 308.0, 658.0, 276.0, 800.0, 512.0, 544.0, 0, 0, 0, 0, 0, 0, 0, 0, 0, 0, 0, 0, 0, 0, 0, 0, 428.0, 408.0, 464.0, 408.0, 400.0, 430.0, 486.0, 422.0
480.0, 402.0, 474.0, 520.0, 386.0, 520.0, 344.0, 646.0, 0, 0, 558.0, 534.0, 0, 0, 0, 0, 0, 0, 0, 0, 0, 0, 0, 0, 0, 0, 0, 0, 460.0, 388.0, 498.0, 386.0, 432.0, 412.0, 522.0, 400.0
530.0, 392.0, 518.0, 514.0, 428.0, 514.0, 384.0, 662.0, 404.0, 782.0, 604.0, 528.0, 0, 0, 0, 0, 0, 0, 0, 0, 0, 0, 0, 0, 0, 0, 0, 0, 506.0, 376.0, 550.0, 376.0, 476.0, 400.0, 572.0, 388.0
604.0, 382.0, 580.0, 518.0, 486.0, 514.0, 0, 0, 0, 0, 670.0, 544.0, 0, 0, 0, 0, 0, 0, 0, 0, 0, 0, 0, 0, 0, 0, 0, 0, 580.0, 364.0, 622.0, 368.0, 542.0, 392.0, 652.0, 376.0
672.0, 354.0, 636.0, 488.0, 534.0, 490.0, 0, 0, 0, 0, 0, 0, 0, 0, 0, 0, 0, 0, 0, 0, 0, 0, 0, 0, 0, 0, 0, 0, 644.0, 332.0, 694.0, 334.0, 602.0, 358.0, 706.0, 338.0
220.0, 434.0, 154.0, 510.0, 132.0, 512.0, 144.0, 642.0, 214.0, 740.0, 184.0, 510.0, 186.0, 576.0, 0, 0, 0, 0, 0, 0, 0, 0, 0, 0, 0, 0, 0, 0, 206.0, 420.0, 222.0, 422.0, 160.0, 436.0, 0, 0
264.0, 438.0, 216.0, 518.0, 172.0, 526.0, 144.0, 638.0, 186.0, 768.0, 252.0, 512.0, 0, 0, 0, 0, 0, 0, 0, 0, 0, 0, 0, 0, 0, 0, 0, 0, 244.0, 424.0, 270.0, 422.0, 202.0, 442.0, 0, 0
308.0, 428.0, 280.0, 514.0, 224.0, 520.0, 184.0, 636.0, 170.0, 780.0, 334.0, 526.0, 0, 0, 0, 0, 234.0, 752.0, 0, 0, 0, 0, 0, 0, 0, 0, 0, 0, 286.0, 414.0, 316.0, 410.0, 248.0, 436.0, 0, 0
360.0, 420.0, 338.0, 514.0, 270.0, 512.0, 232.0, 634.0, 0, 0, 402.0, 520.0, 0, 0, 0, 0, 0, 0, 0, 0, 0, 0, 0, 0, 0, 0, 0, 0, 340.0, 406.0, 372.0, 404.0, 306.0, 422.0, 0, 0
426.0, 424.0, 396.0, 522.0, 324.0, 522.0, 286.0, 656.0, 354.0, 758.0, 458.0, 520.0, 0, 0, 0, 0, 0, 0, 0, 0, 0, 0, 0, 0, 0, 0, 0, 0, 408.0, 406.0, 444.0, 408.0, 372.0, 420.0, 0, 0
500.0, 406.0, 464.0, 512.0, 380.0, 510.0, 340.0, 652.0, 0, 0, 530.0, 526.0, 0, 0, 0, 0, 0, 0, 0, 0, 0, 0, 0, 0, 0, 0, 0, 0, 476.0, 384.0, 514.0, 390.0, 436.0, 398.0, 0, 0
546.0, 396.0, 516.0, 514.0, 424.0, 514.0, 368.0, 654.0, 0, 0, 606.0, 528.0, 0, 0, 0, 0, 0, 0, 0, 0, 0, 0, 0, 0, 0, 0, 0, 0, 520.0, 376.0, 564.0, 378.0, 482.0, 392.0, 584.0, 390.0
584.0, 378.0, 562.0, 510.0, 456.0, 518.0, 0, 0, 0, 0, 668.0, 534.0, 0, 0, 0, 0, 0, 0, 0, 0, 0, 0, 0, 0, 0, 0, 0, 0, 560.0, 360.0, 608.0, 358.0, 522.0, 386.0, 638.0, 370.0
648.0, 346.0, 624.0, 480.0, 512.0, 488.0, 0, 0, 0, 0, 0, 0, 0, 0, 0, 0, 0, 0, 0, 0, 0, 0, 0, 0, 0, 0, 0, 0, 620.0, 322.0, 674.0, 322.0, 576.0, 344.0, 708.0, 324.0
710.0, 314.0, 680.0, 494.0, 598.0, 492.0, 0, 0, 0, 0, 0, 0, 0, 0, 0, 0, 0, 0, 0, 0, 0, 0, 0, 0, 0, 0, 0, 0, 704.0, 308.0, 0, 0, 652.0, 340.0, 0, 0
150.0, 430.0, 0, 0, 0, 0, 0, 0, 0, 0, 0, 0, 0, 0, 0, 0, 0, 0, 0, 0, 0, 0, 0, 0, 0, 0, 0, 0, 138.0, 418.0, 154.0, 420.0, 92.0, 436.0, 0, 0
224.0, 440.0, 170.0, 510.0, 140.0, 514.0, 136.0, 658.0, 218.0, 744.0, 202.0, 508.0, 0, 0, 0, 0, 0, 0, 0, 0, 0, 0, 194.0, 608.0, 0, 0, 0, 0, 212.0, 426.0, 226.0, 426.0, 168.0, 444.0, 0, 0
290.0, 428.0, 254.0, 510.0, 208.0, 516.0, 172.0, 622.0, 0, 0, 292.0, 506.0, 0, 0, 0, 0, 0, 0, 0, 0, 0, 0, 0, 0, 0, 0, 0, 0, 266.0, 416.0, 292.0, 410.0, 230.0, 438.0, 0, 0
332.0, 426.0, 320.0, 524.0, 252.0, 524.0, 202.0, 644.0, 184.0, 786.0, 380.0, 526.0, 0, 0, 0, 0, 0, 0, 0, 0, 0, 0, 0, 0, 0, 0, 0, 0, 312.0, 414.0, 346.0, 410.0, 284.0, 438.0, 372.0, 426.0
378.0, 416.0, 368.0, 522.0, 290.0, 524.0, 248.0, 648.0, 0, 0, 434.0, 528.0, 0, 0, 0, 0, 0, 0, 0, 0, 0, 0, 0, 0, 0, 0, 0, 0, 358.0, 404.0, 392.0, 402.0, 328.0, 422.0, 412.0, 414.0
430.0, 404.0, 422.0, 518.0, 336.0, 518.0, 0, 0, 0, 0, 496.0, 522.0, 0, 0, 0, 0, 0, 0, 0, 0, 0, 0, 0, 0, 0, 0, 0, 0, 410.0, 390.0, 446.0, 388.0, 378.0, 410.0, 468.0, 396.0
498.0, 404.0, 480.0, 520.0, 392.0, 524.0, 362.0, 698.0, 414.0, 818.0, 556.0, 530.0, 0, 0, 0, 0, 0, 0, 0, 0, 0, 0, 0, 0, 0, 0, 0, 0, 476.0, 388.0, 516.0, 388.0, 442.0, 406.0, 534.0, 398.0
574.0, 374.0, 550.0, 500.0, 452.0, 500.0, 416.0, 596.0, 0, 0, 644.0, 526.0, 0, 0, 0, 0, 0, 0, 0, 0, 0, 0, 0, 0, 0, 0, 0, 0, 550.0, 356.0, 592.0, 358.0, 512.0, 378.0, 618.0, 368.0
632.0, 360.0, 616.0, 498.0, 502.0, 502.0, 0, 0, 0, 0, 0, 0, 0, 0, 0, 0, 0, 0, 0, 0, 0, 0, 0, 0, 0, 0, 0, 0, 606.0, 342.0, 656.0, 342.0, 568.0, 364.0, 692.0, 344.0
706.0, 324.0, 666.0, 490.0, 560.0, 494.0, 0, 0, 0, 0, 0, 0, 0, 0, 0, 0, 0, 0, 0, 0, 0, 0, 0, 0, 0, 0, 0, 0, 676.0, 308.0, 710.0, 314.0, 630.0, 336.0, 0, 0
270.0, 434.0, 230.0, 516.0, 180.0, 526.0, 148.0, 630.0, 0, 0, 272.0, 512.0, 0, 0, 0, 0, 0, 0, 0, 0, 0, 0, 0, 0, 0, 0, 0, 0, 250.0, 422.0, 276.0, 420.0, 212.0, 442.0, 0, 0
322.0, 434.0, 304.0, 520.0, 242.0, 520.0, 210.0, 648.0, 252.0, 732.0, 352.0, 522.0, 0, 0, 0, 0, 0, 0, 0, 0, 0, 0, 0, 0, 0, 0, 0, 0, 304.0, 418.0, 338.0, 416.0, 276.0, 434.0, 370.0, 418.0
400.0, 424.0, 382.0, 522.0, 312.0, 522.0, 266.0, 644.0, 316.0, 766.0, 444.0, 528.0, 0, 0, 0, 0, 0, 0, 0, 0, 0, 0, 0, 0, 0, 0, 0, 0, 380.0, 410.0, 414.0, 410.0, 350.0, 428.0, 0, 0
462.0, 410.0, 442.0, 520.0, 364.0, 516.0, 316.0, 632.0, 0, 0, 508.0, 530.0, 0, 0, 0, 0, 0, 0, 0, 0, 0, 0, 0, 0, 0, 0, 0, 0, 442.0, 396.0, 476.0, 398.0, 410.0, 414.0, 492.0, 416.0
508.0, 410.0, 498.0, 536.0, 408.0, 524.0, 350.0, 658.0, 326.0, 818.0, 580.0, 544.0, 0, 0, 0, 0, 0, 0, 0, 0, 0, 0, 0, 0, 0, 0, 0, 0, 486.0, 398.0, 526.0, 394.0, 456.0, 422.0, 548.0, 408.0